EUR/USD:BB 47.4 0.649 0.609 3.92 8.90 0.730=> 1.149
EUR/USD:CT 0.890 1.097 1.305 6.96 8.90 0.796=> 0.851
EUR/USD:CY 0.368 0.293 1.579 6.92 8.91 0.796=> 1.051
EUR/USD:HP 1.349 0.450 4.09 2.95 8.92 0.796=> 1.172
EUR/USD:VO 3.01 52.7 2.22 131 0.250 0.609=> 1.306
EUR/USD:LP 2.16 4.46 10.6=> 1.136
EUR/USD:HU 17.2 8.93 4.95=> 1.645
EUR/USD:ES 1.622 4.47 0.316 0.420 0.803=> 1.033
EUR/USD:EA 1.965 1.579 7.97=> 1.024
EUR/USD:LS 2.16 4.46 0.237 0.316 0.804=> 1.133
USD/CHF:BB 509 1.699 0.892 3.24 8.92 0.730=> 0.964
USD/CHF:CT 1.863 1.106 0.609 4.74 8.91 0.730=> 1.480
USD/CHF:CY 0.653 0.605 0.980 6.92 8.91 0.730=> 0.834
USD/CHF:HP 0.223 0.298 1.737 6.92 8.92 0.796=> 1.211
USD/CHF:VO +4.48 36.7 2.83 227 0.403 0.609=> 5.284
USD/CHF:LP 1.340 1.910 4.50=> 1.527
USD/CHF:HU 7.29 1.217 1.737=> 1.436
USD/CHF:ES 1.208 4.09 0.261 0.316 0.609=> 1.155
USD/CHF:EA 1.208 2.10 2.79=> 1.302
USD/CHF:LS 1.340 4.46 0.237 0.134 0.802=> 1.376
GBP/USD:BB 180 1.683 1.910 2.95 8.92 0.730=> 1.152
GBP/USD:CT 1.303 0.687 2.80 2.94 8.92 0.730=> 1.049
GBP/USD:CY 0.335 0.299 0.980 6.93 8.92 0.730=> 1.055
GBP/USD:HP 0.356 0.296 4.09 2.68 8.92 0.730=> 1.009
GBP/USD:VO 2.95 110 1.825 43.9 0.251 17.0=> 0.905
GBP/USD:LP 1.217 4.09 6.60=> 1.021
GBP/USD:HU 11.8 1.218 2.31=> 1.290
GBP/USD:ES 2.15 1.436 0.892 1.744 0.609=> 1.174
GBP/USD:EA 1.782 0.605 4.10=> 1.387
GBP/USD:LS 1.217 1.737 0.893 1.744 0.803=> 1.055
USD/CAD:BB 101 2.04 0.607 6.92 3.80 0.730=> 1.509
USD/CAD:CT 1.581 0.907 0.810 2.68 8.93 0.797=> 1.213
USD/CAD:CY 0.870 1.002 0.737 2.95 8.91 0.796=> 0.758
USD/CAD:HP 1.482 0.501 0.607 3.56 8.91 0.730=> 1.065
USD/CAD:VO 2.14 36.6 1.825 44.1 0.400 0.609=> 0.838
USD/CAD:LP 1.216 4.46 15.5=> 1.037
USD/CAD:HU 8.83 6.77 4.50=> 1.104
USD/CAD:ES 1.218 1.737 0.892 1.744 0.802=> 1.102
USD/CAD:EA 1.218 1.305 17.1=> 1.048
USD/CAD:LS 1.216 1.434 0.122 0.991 0.737=> 1.072
USD/JPY:BB 201 3.94 0.599 6.91 1.467 0.730=> 32.430
USD/JPY:CT 0.739 1.004 1.738 6.95 3.46 0.730=> 1.140
USD/JPY:CY 0.591 0.904 0.609 4.30 8.91 0.796=> 1.485
USD/JPY:HP 0.764 0.500 1.911 2.95 8.92 0.796=> 1.055
USD/JPY:VO 2.97 36.6 1.820 158 0.404 12.9=> 1.155
USD/JPY:LP 1.209 0.809 2.54=> 1.322
USD/JPY:HU 7.24 4.62 17.1=> 1.406
USD/JPY:ES 4.21 4.10 0.216 0.122 0.804=> 1.456
USD/JPY:EA 9.01 0.670 5.45=> 1.283
USD/JPY:LS 1.209 4.46 0.237 0.196 0.670=> 1.119
AUD/USD:BB 52.2 2.04 1.078 6.93 8.92 0.730=> 1.136
AUD/USD:CT 1.311 1.004 2.54 3.24 8.92 0.796=> 1.113
AUD/USD:CY 1.274 0.287 4.09 2.43 8.92 0.730=> 1.157
AUD/USD:HP 1.354 0.551 2.54 6.93 8.90 0.796=> 0.969
AUD/USD:VO 2.07 110 1.831 44.0 0.401 0.609=> 1.019
AUD/USD:LP 1.342 1.737 0.980=> 1.386
AUD/USD:HU 7.24 8.94 10.6=> 1.015
AUD/USD:ES 1.342 4.47 0.178 0.237 0.803=> 1.059
AUD/USD:EA 1.217 1.578 2.10=> 1.146
AUD/USD:LS 1.342 4.46 0.178 0.287 0.802=> 1.216
NAS100:BB 266 3.50 1.435 2.43 8.92 0.730=> 16.523
NAS100:CT 1.573 0.691 0.606 3.92 8.89 0.730=> 1.157
NAS100:CY 0.300 0.296 0.608 6.93 8.91 0.796=> 0.994
NAS100:HP 0.693 0.293 0.608 6.94 8.91 0.730=> 1.062
NAS100:VO 2.82 109 1.816 226 0.401 11.7=> 0.985
NAS100:LP 1.211 1.910 17.1=> 1.036
NAS100:HU 8.87 8.95 6.60=> 1.154
NAS100:ES 2.88 1.578 0.508 0.134 0.802=> 1.311
NAS100:EA 2.90 0.737 8.77=> 1.223
NAS100:LS 1.211 2.10 0.892 1.743 0.609=> 1.004
SPX500:BB 52.0 2.49 0.892 6.94 8.91 0.730=> 3.554
SPX500:CT 0.604 0.800 0.670 6.95 8.92 0.730=> 1.300
SPX500:CY 0.303 0.288 4.09 6.32 8.92 0.796=> 1.055
SPX500:HP 0.523 0.947 1.910 5.22 8.91 0.730=> 0.195
SPX500:VO 2.93 36.6 2.44 44.0 0.349 14.1=> 0.983
SPX500:LP 1.470 0.607 17.1=> 1.357
SPX500:HU 9.74 2.61 12.9=> 1.602
SPX500:ES 1.215 2.54 0.382 0.382 0.803=> 0.970
SPX500:EA 1.215 0.607 17.1=> 1.025
SPX500:LS 1.470 1.736 0.122 0.991 0.608=> 1.349
US30:BB 47.5 3.50 0.609 6.31 1.466 0.730=> 122.642
US30:CT 0.809 0.702 4.09 6.92 8.91 0.796=> 1.264
US30:CY 0.303 0.703 4.09 6.93 8.92 0.730=> 1.148
US30:HP 0.324 0.399 1.910 2.95 8.91 0.796=> 1.477
US30:VO +1.525 109 1.817 44.0 0.299 12.9=> 0.893
US30:LP 1.214 0.810 14.1=> 0.977
US30:HU 10.7 8.93 12.8=> 1.083
US30:ES 8.91 3.72 0.196 0.261 0.803=> 1.380
US30:EA 5.10 0.737 17.1=> 1.374
US30:LS 1.214 1.913 0.122 1.747 0.802=> 0.962
GER30:BB 77.4 0.489 0.608 6.95 8.89 0.730=> 1.506
GER30:CT 0.817 1.814 0.891 3.24 8.91 0.797=> 1.623
GER30:CY 0.539 0.398 0.605 6.93 8.91 0.796=> 1.610
GER30:HP 1.014 0.948 2.10 2.43 8.92 0.730=> 0.132
GER30:VO 2.06 44.2 1.830 43.9 0.301 17.1=> 1.043
GER30:LP 1.197 1.433 17.1=> 0.974
GER30:HU 12.8 7.45 17.1=> 1.829
GER30:ES 3.83 0.669 0.122 0.216 0.608=> 2.076
GER30:EA 4.16 0.604 9.65=> 2.794
GER30:LS 1.197 1.735 0.892 1.744 0.802=> 0.859
USOil:BB 32.5 0.712 1.078 3.57 8.91 0.796=> 1.150
USOil:CT 0.602 0.685 0.607 6.32 8.90 0.796=> 0.934
USOil:CY 0.368 0.402 0.670 5.21 8.91 0.730=> 1.301
USOil:HP 0.356 0.350 0.608 6.91 8.92 0.730=> 1.254
USOil:VO 3.87 36.7 2.67 63.6 0.350 0.609=> 2.489
USOil:LP 5.59 1.076 1.078=> 1.876
USOil:HU 7.26 8.92 17.0=> 1.108
USOil:ES 3.81 2.10 0.891 1.744 0.609=> 1.698
USOil:EA 1.340 1.580 17.1=> 1.139
USOil:LS 5.59 1.735 0.894 1.090 0.802=> 1.724
UK100:BB 26.5 2.48 +0.525 7.00 1.211 0.730=> 6.450
UK100:CT 0.988 0.689 1.579 2.42 8.92 0.797=> 1.134
UK100:CY 1.148 0.292 4.09 3.92 8.92 0.730=> 1.362
UK100:HP +0.205 0.693 0.608 3.92 8.92 0.730=> 2.306
UK100:VO 2.87 109 1.823 227 0.301 0.609=> 1.060
UK100:LP 1.207 1.304 12.9=> 1.012
UK100:HU 12.9 8.91 0.609=> 1.361
UK100:ES 1.204 1.079 0.891 0.122 0.802=> 0.920
UK100:EA 1.212 0.811 0.891=> 1.043
UK100:LS 1.207 1.435 0.892 1.596 0.609=> 0.965
XAU/USD:BB 112 0.486 1.580 2.68 8.91 0.730=> 1.134
XAU/USD:CT 0.976 0.613 2.31 2.94 8.91 0.797=> 0.902
XAU/USD:CY 0.867 0.403 0.608 6.93 8.91 0.796=> 1.378
XAU/USD:HP 0.393 0.291 4.09 6.94 8.92 0.730=> 1.215
XAU/USD:VO +4.46 113 2.86 230 0.403 9.66=> 161.080
XAU/USD:LP 1.786 2.31 0.980=> 1.872
XAU/USD:HU 7.22 1.341 9.65=> 1.996
XAU/USD:ES 7.53 4.47 0.316 0.178 0.609=> 2.126
XAU/USD:EA 1.949 0.983 1.078=> 2.150
XAU/USD:LS 1.786 2.54 0.178 0.382 0.737=> 1.388
XAG/USD:BB 24.3 0.647 0.608 3.57 8.91 0.730=> 0.950
XAG/USD:CT +0.527 0.803 0.670 6.91 8.90 0.796=> 1.360
XAG/USD:CY 0.365 0.888 1.736 7.01 8.90 0.730=> 2.953
XAG/USD:HP 0.324 0.402 1.736 6.97 8.92 0.796=> 1.030
XAG/USD:VO 2.90 110 2.65 44.1 0.249 0.609=> 1.422
XAG/USD:LP 4.63 3.72 1.080=> 2.246
XAG/USD:HU 7.31 5.08 12.9=> 1.411
XAG/USD:ES 1.964 4.47 0.122 0.420 0.606=> 1.368
XAG/USD:EA 1.964 2.55 0.608=> 1.425
XAG/USD:LS 4.63 4.47 0.122 0.745 0.802=> 1.931
