EUR/USD:BB 26.8 0.589 0.891 6.92 8.91 0.730=> 1.035
EUR/USD:CT 0.975 1.098 0.608 6.93 8.90 0.796=> 1.807
EUR/USD:CY 0.406 1.098 0.810 5.21 8.91 0.797=> 1.661
EUR/USD:HP 0.241 0.502 0.607 6.91 8.92 0.796=> 1.195
EUR/USD:VO 3.05 36.6 2.86 53.0 0.298 0.609=> 4.029
EUR/USD:LP 9.54 1.081 1.077=> 5.092
EUR/USD:HU 17.1 7.44 0.609=> 2.409
EUR/USD:ES 3.48 4.48 0.382 0.162 0.609=> 1.631
EUR/USD:EA 8.21 2.55 0.605=> 2.285
EUR/USD:LS 9.54 4.49 0.462 0.420 0.609=> 3.413
USD/CHF:BB 24.2 1.045 4.09 3.24 8.91 0.796=> 1.251
USD/CHF:CT 1.730 0.800 0.809 3.56 8.92 0.796=> 1.609
USD/CHF:CY 0.278 0.601 0.608 5.73 8.92 0.797=> 1.791
USD/CHF:HP 0.243 0.451 1.186 6.92 8.91 0.796=> 1.513
USD/CHF:VO +4.53 36.2 2.44 91.5 0.200 17.0=> 2.812
USD/CHF:LP 8.23 1.189 1.078=> 1.731
USD/CHF:HU 9.71 8.19 2.80=> 1.012
USD/CHF:ES 8.97 4.47 0.122 0.147 0.804=> 1.303
USD/CHF:EA 9.01 2.54 1.304=> 1.907
USD/CHF:LS 8.23 1.187 0.287 0.508 0.609=> 1.208
GBP/USD:BB 92.4 2.03 0.607 6.91 6.74 0.730=> 1.229
GBP/USD:CT 0.602 0.703 0.607 3.92 8.92 0.796=> 0.898
GBP/USD:CY 2.48 1.099 4.09 6.32 8.91 0.796=> 1.601
GBP/USD:HP 0.357 0.449 0.607 5.22 8.92 0.796=> 0.825
GBP/USD:VO 2.14 91.7 2.21 227 0.403 14.1=> 1.624
GBP/USD:LP 1.212 2.31 11.7=> 1.257
GBP/USD:HU 7.26 8.19 17.1=> 0.865
GBP/USD:ES 1.477 3.72 0.122 0.122 0.804=> 1.122
GBP/USD:EA 1.475 2.54 17.0=> 0.995
GBP/USD:LS 1.212 2.80 0.122 0.382 0.803=> 1.274
USD/CAD:BB 461 1.998 0.892 5.73 8.91 0.796=> 1.543
USD/CAD:CT 1.292 1.100 1.910 2.68 8.89 0.730=> 0.959
USD/CAD:CY 1.054 1.601 4.09 2.42 8.92 0.797=> 1.216
USD/CAD:HP 1.229 0.599 4.09 2.44 8.91 0.797=> 1.003
USD/CAD:VO 2.05 110 2.66 76.5 0.404 0.609=> 2.505
USD/CAD:LP 1.216 4.46 17.1=> 1.138
USD/CAD:HU 17.3 8.95 0.609=> 2.398
USD/CAD:ES 8.96 4.48 0.261 0.196 0.609=> 1.373
USD/CAD:EA 8.97 0.979 3.07=> 1.673
USD/CAD:LS 1.216 3.39 0.196 0.162 0.736=> 1.286
USD/JPY:BB 24.1 1.851 0.608 5.22 8.90 0.730=> 1.157
USD/JPY:CT 1.303 1.498 4.09 2.44 8.91 0.796=> 1.921
USD/JPY:CY 1.161 1.813 4.09 2.43 8.93 0.796=> 2.422
USD/JPY:HP 1.227 0.847 1.077 2.68 8.90 0.797=> 1.260
USD/JPY:VO 2.84 44.1 1.825 63.5 0.300 0.609=> 0.888
USD/JPY:LP 1.220 0.809 1.186=> 1.191
USD/JPY:HU 7.21 2.15 17.1=> 0.775
USD/JPY:ES 2.60 4.47 0.122 0.559 0.802=> 1.227
USD/JPY:EA 2.60 2.53 17.1=> 1.117
USD/JPY:LS 1.220 2.80 0.122 1.319 0.802=> 1.308
AUD/USD:BB 165 2.00 0.605 6.92 2.86 0.730=> 1.201
AUD/USD:CT 0.813 1.096 2.10 2.94 5.07 0.797=> 1.545
AUD/USD:CY 0.789 0.599 4.09 2.43 8.92 0.796=> 0.987
AUD/USD:HP 0.921 0.943 1.910 6.95 8.90 0.730=> 2.194
AUD/USD:VO +1.548 109 1.814 44.1 0.300 17.0=> 0.780
AUD/USD:LP 1.782 4.46 12.9=> 1.372
AUD/USD:HU 7.22 8.94 12.9=> 0.895
AUD/USD:ES 1.208 4.46 0.559 1.746 0.802=> 1.037
AUD/USD:EA 1.211 0.605 11.7=> 1.365
AUD/USD:LS 1.782 4.47 0.216 0.382 0.608=> 1.280
NAS100:BB 349 2.91 4.09 2.43 8.92 0.730=> 22.147
NAS100:CT 1.739 1.597 3.72 6.98 8.92 0.796=> 1.278
NAS100:CY 3.30 0.897 0.607 6.94 8.89 0.730=> 0.967
NAS100:HP 3.51 0.450 0.606 6.94 8.91 0.730=> 0.710
NAS100:VO 2.91 36.6 1.821 227 0.350 0.609=> 0.958
NAS100:LP 6.78 1.578 5.46=> 3.186
NAS100:HU 7.29 5.09 3.08=> 1.352
NAS100:ES 3.15 3.38 0.287 0.122 0.801=> 1.947
NAS100:EA 2.86 0.668 1.186=> 2.540
NAS100:LS 6.78 4.47 0.122 0.216 0.736=> 2.528
SPX500:BB 241 3.35 0.609 +2.12 1.211 0.730=> 6.057
SPX500:CT 0.604 1.401 0.604 6.30 1.615 0.730=> 1.719
SPX500:CY 3.60 1.103 0.608 6.94 2.86 0.730=> 1.865
SPX500:HP 0.756 0.500 0.606 6.93 8.91 0.796=> 0.872
SPX500:VO 2.89 36.6 1.824 76.3 0.401 0.609=> 1.060
SPX500:LP 9.00 1.184 0.602=> 2.249
SPX500:HU 7.31 8.93 0.609=> 1.195
SPX500:ES 4.57 1.739 0.162 0.382 0.670=> 3.338
SPX500:EA 3.85 0.810 0.609=> 2.727
SPX500:LS 9.00 4.51 0.147 0.196 0.736=> 1.949
US30:BB 164 2.01 4.09 2.42 8.91 0.730=> 0.975
US30:CT 0.732 1.886 0.736 6.94 5.06 0.730=> 3.900
US30:CY 3.29 0.401 0.609 6.91 2.60 0.730=> 1.271
US30:HP 3.52 0.501 0.608 6.31 4.18 0.796=> 0.925
US30:VO 2.99 36.7 2.01 76.4 0.400 0.609=> 1.447
US30:LP 3.46 0.808 1.305=> 2.258
US30:HU 11.7 8.92 0.609=> 1.627
US30:ES 2.16 4.47 0.122 0.122 0.805=> 1.677
US30:EA 3.17 0.670 0.891=> 2.621
US30:LS 3.46 2.10 0.122 0.991 0.737=> 1.953
GER30:BB 91.0 1.839 0.980 2.94 8.92 0.796=> 2.986
GER30:CT 0.809 0.987 0.607 6.92 2.60 0.796=> 3.093
GER30:CY 0.790 0.997 0.606 4.31 8.90 0.730=> 1.523
GER30:HP +0.207 0.748 0.608 6.91 8.92 0.730=> 1.270
GER30:VO +1.478 63.5 1.824 76.3 0.400 14.1=> 0.917
GER30:LP 3.83 0.608 6.59=> 2.929
GER30:HU 17.2 5.09 1.737=> 1.917
GER30:ES 4.27 0.979 0.615 0.819 0.670=> 1.473
GER30:EA 1.343 0.893 7.26=> 1.380
GER30:LS 3.83 1.186 0.463 0.178 0.608=> 2.124
USOil:BB 216 1.858 4.09 6.91 8.92 0.796=> 1.536
USOil:CT 0.976 1.001 0.669 2.95 8.92 0.797=> 1.198
USOil:CY 3.60 0.292 1.578 3.24 8.92 0.796=> 1.032
USOil:HP 0.523 0.400 4.09 2.95 8.92 0.796=> 1.005
USOil:VO 3.07 36.6 2.21 63.7 0.300 0.609=> 1.248
USOil:LP 1.208 4.46 17.1=> 0.909
USOil:HU 7.20 9.03 17.0=> 1.218
USOil:ES 4.21 3.72 0.122 0.147 0.804=> 0.951
USOil:EA 3.80 0.605 8.78=> 1.186
USOil:LS 1.208 1.910 0.677 0.122 0.801=> 1.247
UK100:BB 101 2.53 0.609 7.43 8.92 0.730=> 0.251
UK100:CT +1.941 0.895 0.606 5.22 2.36 0.730=> 1.446
UK100:CY 2.25 1.106 0.669 5.22 2.86 0.796=> 3.406
UK100:HP 0.221 0.652 0.566 6.30 6.13 0.796=> 10.054
UK100:VO +1.487 36.6 1.818 228 0.401 0.609=> 0.771
UK100:LP 5.13 0.601 0.892=> 4.169
UK100:HU 7.28 4.62 0.980=> 0.960
UK100:ES 2.40 4.46 0.178 0.347 0.670=> 1.160
UK100:EA 2.59 0.891 2.54=> 1.683
UK100:LS 5.13 4.46 0.676 0.122 0.802=> 2.309
XAU/USD:BB 29.7 1.688 0.607 4.31 8.90 0.730=> 0.991
XAU/USD:CT 1.861 1.208 4.09 2.68 8.92 0.797=> 0.708
XAU/USD:CY 2.49 1.298 3.07 2.41 8.92 0.796=> 0.607
XAU/USD:HP 2.64 0.498 3.72 2.42 8.92 0.730=> 0.905
XAU/USD:VO +1.464 36.7 1.817 226 0.300 0.609=> 0.763
XAU/USD:LP 8.96 4.47 11.7=> 2.777
XAU/USD:HU 12.8 8.91 0.609=> 3.902
XAU/USD:ES 8.74 1.434 0.893 0.819 0.609=> 3.186
XAU/USD:EA 8.32 2.53 0.890=> 4.715
XAU/USD:LS 8.96 4.50 0.122 0.347 0.607=> 2.039
XAG/USD:BB 24.5 0.486 0.607 3.56 8.91 0.730=> 0.612
XAG/USD:CT 1.301 +1.960 4.09 6.97 7.42 0.730=> 1.017
XAG/USD:CY 1.161 1.597 1.306 6.92 5.06 0.730=> 1.827
XAG/USD:HP 3.53 0.701 2.10 6.96 5.56 0.797=> 3.325
XAG/USD:VO 2.92 36.5 2.69 53.0 0.251 0.609=> 1.279
XAG/USD:LP 3.46 2.10 15.6=> 1.550
XAG/USD:HU 17.0 8.94 0.609=> 1.754
XAG/USD:ES 8.15 0.736 0.382 1.746 0.802=> 0.992
XAG/USD:EA 8.87 0.979 0.893=> 2.223
XAG/USD:LS 3.46 4.49 0.419 0.462 0.803=> 1.236
