EUR/USD:BB 57.4 1.856 0.669 6.93 8.92 0.730=> 1.393
EUR/USD:CT 0.812 1.298 1.078 6.99 8.91 0.796=> 1.503
EUR/USD:CY 0.335 0.800 0.608 5.22 8.91 0.796=> 1.298
EUR/USD:HP 0.242 0.549 0.605 6.91 3.81 0.796=> 1.457
EUR/USD:VO 3.96 44.0 2.85 52.9 0.301 0.609=> 6.284
EUR/USD:LP 9.02 1.184 1.079=> 1.670
EUR/USD:HU 17.3 7.45 1.079=> 2.060
EUR/USD:ES 3.81 4.47 0.122 0.237 0.804=> 1.514
EUR/USD:EA 1.617 0.810 0.608=> 1.324
EUR/USD:LS 9.02 4.47 0.420 0.122 0.609=> 1.094
USD/CHF:BB 24.4 0.951 4.09 2.68 8.92 0.730=> 1.087
USD/CHF:CT 1.733 1.002 0.607 4.32 8.91 0.796=> 1.462
USD/CHF:CY 1.399 0.898 0.609 3.24 8.92 0.797=> 0.909
USD/CHF:HP 3.52 0.450 2.80 6.92 8.92 0.796=> 1.372
USD/CHF:VO 3.00 36.6 2.66 44.1 0.298 0.609=> 1.255
USD/CHF:LP 8.95 1.434 0.736=> 1.294
USD/CHF:HU 10.7 7.44 2.80=> 1.295
USD/CHF:ES 8.90 4.48 0.122 0.147 0.607=> 1.619
USD/CHF:EA 8.95 2.54 1.189=> 1.704
USD/CHF:LS 8.95 1.738 0.347 0.382 0.803=> 0.815
GBP/USD:BB 92.2 2.04 2.79 2.44 8.91 0.730=> 1.121
GBP/USD:CT 0.600 0.705 2.80 3.56 8.92 0.730=> 1.321
GBP/USD:CY 0.303 0.802 0.607 6.95 7.42 0.730=> 0.899
GBP/USD:HP 0.356 0.450 4.09 2.95 8.92 0.730=> 0.992
GBP/USD:VO 2.11 109 2.21 53.0 0.350 0.609=> 0.983
GBP/USD:LP 1.216 0.809 12.9=> 1.140
GBP/USD:HU 12.9 4.63 17.1=> 1.096
GBP/USD:ES 1.218 3.07 0.559 0.677 0.802=> 0.916
GBP/USD:EA 1.337 0.810 11.7=> 1.133
GBP/USD:LS 1.216 2.31 0.676 0.196 0.736=> 1.116
USD/CAD:BB 463 1.855 0.669 6.96 8.92 0.796=> 1.574
USD/CAD:CT 0.607 1.201 2.31 6.32 8.91 0.796=> 1.701
USD/CAD:CY 0.954 1.801 0.607 3.57 1.774 0.797=> 2.103
USD/CAD:HP 1.227 0.602 4.09 2.44 8.91 0.797=> 1.671
USD/CAD:VO 2.05 63.7 1.821 44.0 0.401 0.609=> 0.945
USD/CAD:LP 1.217 4.46 17.0=> 1.138
USD/CAD:HU 17.2 8.97 0.609=> 2.101
USD/CAD:ES 1.222 3.08 0.818 1.744 0.803=> 1.175
USD/CAD:EA 1.222 1.079 10.6=> 1.195
USD/CAD:LS 1.217 3.08 0.196 0.287 0.608=> 1.327
USD/JPY:BB 111 3.59 0.605 6.95 1.468 0.730=> 26.071
USD/JPY:CT 1.427 1.604 0.607 6.93 6.73 0.730=> 1.361
USD/JPY:CY 1.157 1.815 1.912 2.94 4.18 0.730=> 2.659
USD/JPY:HP 1.119 0.853 0.608 2.94 1.953 0.799=> 1.824
USD/JPY:VO 2.16 36.6 2.01 110 0.399 0.609=> 1.035
USD/JPY:LP 1.214 0.670 9.66=> 1.321
USD/JPY:HU 6.69 8.93 15.5=> 0.840
USD/JPY:ES 4.21 4.46 0.615 0.134 0.803=> 0.997
USD/JPY:EA 1.211 0.736 10.6=> 1.094
USD/JPY:LS 1.214 2.31 0.178 1.596 0.609=> 1.317
AUD/USD:BB 134 0.486 0.810 6.90 8.91 0.730=> 1.160
AUD/USD:CT 0.814 0.908 4.09 2.43 8.92 0.730=> 1.262
AUD/USD:CY 0.793 1.606 4.09 2.42 8.92 0.796=> 0.711
AUD/USD:HP 0.920 0.805 3.72 2.40 8.93 0.730=> 0.888
AUD/USD:VO +1.529 109 1.821 44.0 0.401 0.609=> 0.888
AUD/USD:LP 1.781 0.605 1.911=> 1.661
AUD/USD:HU 7.25 8.97 17.0=> 1.257
AUD/USD:ES 4.61 4.46 0.509 0.122 0.609=> 1.266
AUD/USD:EA 1.211 0.605 3.72=> 1.498
AUD/USD:LS 1.781 4.48 0.615 0.122 0.609=> 1.229
NAS100:BB 348 3.03 0.735 6.99 1.202 0.730=> 89.305
NAS100:CT 1.743 1.499 4.09 6.96 8.92 0.796=> 0.966
NAS100:CY 3.00 1.001 0.608 6.93 8.89 0.730=> 1.212
NAS100:HP 3.51 0.399 0.606 6.93 8.92 0.730=> 0.810
NAS100:VO 2.93 36.8 1.821 228 0.401 0.609=> 1.128
NAS100:LP 6.75 0.669 3.08=> 2.394
NAS100:HU 7.29 8.97 1.305=> 1.353
NAS100:ES 2.87 3.39 0.382 0.122 0.670=> 2.206
NAS100:EA 2.87 0.737 4.10=> 1.981
NAS100:LS 6.75 4.47 0.316 0.122 0.670=> 2.458
SPX500:BB 241 4.20 0.979 2.95 8.92 0.796=> 502.546
SPX500:CT 0.602 1.802 1.305 2.68 8.89 0.796=> 1.339
SPX500:CY 0.303 1.203 0.609 7.45 1.208 0.730=> 2.147
SPX500:HP 0.697 0.295 4.09 6.93 8.92 0.796=> 1.043
SPX500:VO 2.90 36.6 2.22 228 0.400 0.609=> 0.984
SPX500:LP 8.19 0.888 0.608=> 2.288
SPX500:HU 12.9 1.211 4.10=> 1.925
SPX500:ES 4.22 1.738 0.122 0.508 0.608=> 2.299
SPX500:EA 4.21 1.186 0.736=> 2.486
SPX500:LS 8.19 2.80 0.559 1.319 0.670=> 1.710
US30:BB 241 3.84 0.975 2.44 8.92 0.730=> 13.470
US30:CT 0.735 0.690 4.09 2.94 8.91 0.797=> 0.908
US30:CY 3.30 0.500 4.09 2.95 8.91 0.730=> 1.298
US30:HP 3.51 0.498 0.609 5.74 8.91 0.796=> 0.843
US30:VO 2.91 36.6 1.827 228 0.350 0.609=> 0.994
US30:LP 3.16 0.736 4.51=> 2.484
US30:HU 11.7 8.91 0.609=> 1.877
US30:ES 2.15 4.46 0.122 0.122 0.802=> 1.295
US30:EA 1.340 0.669 1.078=> 1.690
US30:LS 3.16 1.304 0.122 0.122 0.607=> 1.728
GER30:BB 90.8 3.24 +0.509 6.94 2.87 0.730=> 0.930
GER30:CT 1.440 1.007 0.608 6.97 1.334 0.796=> 2.276
GER30:CY 0.862 0.999 0.669 4.74 8.92 0.730=> 1.661
GER30:HP +0.208 0.705 0.607 6.91 8.91 0.796=> 5.938
GER30:VO 2.89 44.0 2.01 44.0 0.402 9.65=> 0.925
GER30:LP 1.201 1.304 4.96=> 1.413
GER30:HU 12.9 8.20 0.810=> 1.515
GER30:ES 4.23 0.981 0.508 0.122 0.802=> 2.223
GER30:EA 4.20 0.605 7.25=> 2.810
GER30:LS 1.201 2.80 0.122 0.261 0.802=> 1.145
USOil:BB 198 3.92 0.603 6.93 1.207 0.730=> 376.379
USOil:CT 0.972 0.907 0.607 5.73 8.91 0.796=> 1.110
USOil:CY 0.719 0.502 0.810 4.75 8.91 0.730=> 1.241
USOil:HP 0.522 0.350 4.09 3.56 8.92 0.730=> 0.812
USOil:VO 3.15 36.5 2.21 76.4 0.400 0.609=> 1.645
USOil:LP 1.211 4.46 4.95=> 1.186
USOil:HU 7.19 9.00 0.609=> 1.871
USOil:ES 3.83 2.10 0.893 1.744 0.609=> 1.416
USOil:EA 3.83 2.54 10.6=> 1.419
USOil:LS 1.211 2.31 0.819 0.134 0.670=> 1.493
UK100:BB 102 2.66 1.737 7.47 1.197 0.730=> 4.459
UK100:CT +1.939 0.806 0.603 5.22 8.92 0.730=> 1.659
UK100:CY 0.370 0.803 0.810 6.31 8.90 0.797=> 1.071
UK100:HP +0.202 0.794 0.607 6.31 8.92 0.796=> 8.573
UK100:VO 2.99 36.9 2.01 53.0 0.349 11.7=> 0.692
UK100:LP 5.13 0.602 0.892=> 2.766
UK100:HU 7.29 4.61 0.980=> 0.945
UK100:ES 1.217 1.078 0.122 0.237 0.804=> 0.810
UK100:EA 1.217 0.610 17.1=> 0.872
UK100:LS 5.13 0.810 0.178 0.261 0.804=> 1.432
XAU/USD:BB 63.4 1.682 0.736 2.68 2.36 0.796=> 0.937
XAU/USD:CT 1.736 +0.541 1.434 2.94 8.92 0.797=> 0.916
XAU/USD:CY 2.98 1.302 3.08 2.68 8.92 0.797=> 1.003
XAU/USD:HP 1.226 0.500 0.737 6.91 8.92 0.796=> 1.164
XAU/USD:VO 3.08 36.5 1.819 63.6 0.400 0.609=> 1.094
XAU/USD:LP 9.00 2.54 1.433=> 6.067
XAU/USD:HU 11.7 6.75 17.1=> 1.504
XAU/USD:ES 8.80 3.09 0.147 0.196 0.611=> 10.586
XAU/USD:EA 8.19 0.605 0.605=> 9.145
XAU/USD:LS 9.00 4.45 0.122 0.382 0.607=> 4.237
XAG/USD:BB 163 0.592 0.608 6.96 8.90 0.730=> 0.624
XAG/USD:CT 0.607 0.683 0.610 6.31 8.90 0.796=> 1.010
XAG/USD:CY 0.405 0.601 4.09 6.32 8.91 0.730=> 1.831
XAG/USD:HP 0.356 0.447 2.54 6.94 8.92 0.796=> 1.140
XAG/USD:VO 2.08 110 1.830 43.9 0.350 0.609=> 1.364
XAG/USD:LP 5.60 0.666 0.811=> 3.624
XAG/USD:HU 6.71 1.217 2.80=> 1.613
XAG/USD:ES 3.51 4.48 0.121 0.134 0.609=> 1.753
XAG/USD:EA 3.17 1.303 1.078=> 2.807
XAG/USD:LS 5.60 0.981 0.891 0.261 0.609=> 1.642
