EUR/USD:BB 47.3 2.06 0.810 6.92 8.90 0.730=> 1.156
EUR/USD:CT 0.814 1.404 4.09 3.24 8.92 0.796=> 0.943
EUR/USD:CY 0.405 0.998 0.736 6.93 8.90 0.796=> 1.601
EUR/USD:HP 0.432 0.300 4.09 3.24 8.92 0.730=> 1.001
EUR/USD:VO 2.86 44.1 2.68 44.0 0.251 0.609=> 1.280
EUR/USD:LP 1.210 4.46 7.98=> 1.202
EUR/USD:HU 17.2 8.19 4.95=> 2.089
EUR/USD:ES 1.961 2.80 0.237 0.122 0.605=> 1.259
EUR/USD:EA 1.781 0.979 2.54=> 1.214
EUR/USD:LS 1.210 4.46 0.261 0.420 0.608=> 1.189
USD/CHF:BB 29.4 0.950 4.09 3.56 8.92 0.730=> 0.834
USD/CHF:CT 1.872 1.091 0.608 4.74 8.92 0.730=> 1.391
USD/CHF:CY 1.275 1.808 4.09 2.67 8.89 0.730=> 2.682
USD/CHF:HP 0.764 0.401 0.669 6.93 8.91 0.730=> 1.181
USD/CHF:VO 3.12 36.9 2.01 63.5 0.299 0.609=> 1.330
USD/CHF:LP 1.341 1.736 7.99=> 1.483
USD/CHF:HU 9.72 1.783 1.079=> 1.657
USD/CHF:ES 7.46 4.47 0.147 0.134 0.802=> 1.030
USD/CHF:EA 1.948 1.187 0.810=> 1.545
USD/CHF:LS 1.341 4.46 0.508 0.382 0.609=> 1.325
GBP/USD:BB 421 3.20 0.606 5.71 4.20 0.730=> 11.880
GBP/USD:CT 1.304 0.684 1.909 6.94 8.92 0.796=> 0.908
GBP/USD:CY 0.303 0.291 0.609 6.93 8.90 0.796=> 0.861
GBP/USD:HP 0.241 0.255 4.09 2.95 8.91 0.796=> 0.996
GBP/USD:VO 2.96 110 1.822 44.2 0.400 0.609=> 0.715
GBP/USD:LP 1.213 4.09 4.95=> 0.890
GBP/USD:HU 11.8 8.91 10.6=> 1.362
GBP/USD:ES 1.212 2.80 0.122 0.382 0.669=> 0.756
GBP/USD:EA 1.215 1.077 4.10=> 0.738
GBP/USD:LS 1.213 1.909 0.892 0.677 0.802=> 0.843
USD/CAD:BB 92.2 2.04 0.605 6.93 8.91 0.730=> 1.692
USD/CAD:CT 1.574 0.901 0.810 3.57 8.90 0.796=> 1.467
USD/CAD:CY 0.871 1.499 0.810 5.22 2.86 0.730=> 1.153
USD/CAD:HP 1.354 0.600 4.09 2.95 8.92 0.796=> 1.825
USD/CAD:VO 2.05 36.6 1.819 44.1 0.401 0.609=> 0.714
USD/CAD:LP 1.622 1.302 17.1=> 0.897
USD/CAD:HU 7.30 7.45 5.45=> 1.173
USD/CAD:ES 1.341 1.435 0.745 0.819 0.802=> 0.949
USD/CAD:EA 1.339 1.305 17.1=> 0.945
USD/CAD:LS 1.622 1.304 0.677 0.508 0.802=> 0.958
USD/JPY:BB 220 3.98 0.596 6.91 1.467 0.730=> 31.784
USD/JPY:CT 1.581 1.701 2.80 7.44 8.16 0.730=> 2.031
USD/JPY:CY 0.652 0.902 4.09 6.92 8.92 0.730=> 1.306
USD/JPY:HP 3.75 0.854 0.809 6.31 8.91 0.729=> 3.785
USD/JPY:VO 2.85 36.6 1.827 132 0.402 0.609=> 1.055
USD/JPY:LP 1.215 0.736 4.96=> 0.969
USD/JPY:HU 7.23 4.20 17.1=> 0.939
USD/JPY:ES 4.62 4.09 0.287 0.287 0.801=> 1.324
USD/JPY:EA 5.08 2.53 7.25=> 1.256
USD/JPY:LS 1.215 2.80 0.560 0.134 0.670=> 0.783
AUD/USD:BB 57.6 2.24 0.608 6.99 8.90 0.730=> 1.272
AUD/USD:CT 0.737 0.701 1.186 6.92 8.92 0.796=> 1.193
AUD/USD:CY 2.46 0.600 0.810 6.93 8.92 0.796=> 1.172
AUD/USD:HP 2.90 0.300 0.608 6.31 8.92 0.796=> 1.106
AUD/USD:VO +1.548 110 2.21 44.1 0.402 17.0=> 1.016
AUD/USD:LP 1.341 1.910 0.736=> 1.340
AUD/USD:HU 7.22 1.218 14.1=> 1.580
AUD/USD:ES 1.216 4.46 0.677 0.122 0.802=> 1.049
AUD/USD:EA 1.215 1.305 0.980=> 1.124
AUD/USD:LS 1.341 4.46 0.216 0.420 0.803=> 1.283
NAS100:BB 198 3.31 0.735 2.94 8.92 0.797=> 73.386
NAS100:CT 1.580 0.690 0.606 3.92 8.89 0.730=> 1.164
NAS100:CY 2.48 0.284 1.305 4.31 8.92 0.797=> 1.112
NAS100:HP 0.431 0.298 0.607 6.93 8.91 0.730=> 0.911
NAS100:VO 2.83 91.6 1.816 226 0.401 11.7=> 0.958
NAS100:LP 1.212 4.47 0.609=> 0.998
NAS100:HU 8.86 8.93 1.910=> 1.020
NAS100:ES 4.23 4.47 0.509 0.382 0.802=> 1.450
NAS100:EA 2.88 0.736 1.078=> 1.770
NAS100:LS 1.212 2.10 0.261 0.901 0.802=> 1.112
SPX500:BB 216 4.18 0.979 2.95 8.92 0.796=> 512.930
SPX500:CT 0.605 0.799 0.670 6.94 8.92 0.730=> 1.208
SPX500:CY 0.303 0.603 0.810 6.94 8.91 0.730=> 1.285
SPX500:HP 0.523 0.353 1.079 6.92 8.91 0.730=> 1.782
SPX500:VO 3.00 63.2 2.01 53.1 0.400 0.609=> 0.960
SPX500:LP 1.471 0.605 1.435=> 1.523
SPX500:HU 10.7 8.94 12.9=> 1.991
SPX500:ES 1.218 2.54 0.382 0.420 0.803=> 1.059
SPX500:EA 1.471 0.608 17.1=> 1.159
SPX500:LS 1.471 1.736 0.316 0.122 0.804=> 1.136
US30:BB 197 3.71 0.978 2.95 8.92 0.730=> 413.478
US30:CT 0.809 0.696 4.09 6.93 8.91 0.796=> 1.110
US30:CY 0.404 0.299 0.810 6.91 8.91 0.796=> 1.035
US30:HP 0.574 0.257 0.608 6.93 8.90 0.796=> 1.382
US30:VO 2.86 36.6 1.820 44.0 0.300 0.609=> 0.772
US30:LP 1.339 0.608 12.9=> 0.992
US30:HU 11.8 8.94 0.736=> 1.508
US30:ES 1.214 2.80 0.382 0.287 0.803=> 1.091
US30:EA 1.216 0.608 12.8=> 1.189
US30:LS 1.339 1.912 0.261 0.237 0.803=> 1.010
GER30:BB 26.8 2.04 0.605 6.98 6.12 0.730=> 1.466
GER30:CT 0.813 1.887 1.078 2.93 7.41 0.797=> 1.331
GER30:CY 0.717 0.396 0.607 6.97 8.92 0.730=> 1.462
GER30:HP 1.018 0.948 0.810 2.43 8.92 0.730=> 0.087
GER30:VO 2.86 44.2 2.01 43.8 0.350 17.1=> 1.107
GER30:LP 1.201 1.436 17.1=> 1.313
GER30:HU 12.8 8.18 17.1=> 2.331
GER30:ES 4.22 0.980 0.382 0.147 0.608=> 2.497
GER30:EA 4.22 0.605 12.9=> 2.394
GER30:LS 1.201 1.579 0.892 1.744 0.609=> 1.157
USOil:BB 35.5 0.783 0.810 6.92 8.91 0.796=> 1.438
USOil:CT 0.602 0.690 0.608 6.31 8.90 0.796=> 0.957
USOil:CY 0.370 0.496 0.670 5.22 8.91 0.730=> 1.199
USOil:HP 0.357 0.401 0.608 6.32 8.91 0.796=> 1.210
USOil:VO 3.17 36.5 2.67 75.8 0.349 0.609=> 1.811
USOil:LP 6.13 4.48 0.810=> 1.311
USOil:HU 7.26 8.93 2.31=> 1.238
USOil:ES 3.15 3.72 0.287 0.196 0.608=> 1.665
USOil:EA 1.471 1.909 3.73=> 1.061
USOil:LS 6.13 4.09 0.261 0.261 0.607=> 1.328
UK100:BB 24.5 2.03 0.607 6.91 8.91 0.730=> 1.927
UK100:CT 0.601 +1.940 2.10 2.44 8.92 0.730=> 15.995
UK100:CY 1.156 0.289 4.09 3.92 8.91 0.730=> 1.357
UK100:HP 0.573 0.846 1.305 2.41 2.87 0.730=> 1.296
UK100:VO 2.85 109 2.01 63.5 0.349 17.0=> 1.037
UK100:LP 1.210 4.46 17.1=> 0.776
UK100:HU 15.7 8.92 0.609=> 1.116
UK100:ES 1.211 1.187 0.892 0.819 0.802=> 1.029
UK100:EA 1.219 0.981 17.1=> 0.913
UK100:LS 1.210 1.434 0.892 1.743 0.802=> 0.920
XAU/USD:BB 112 0.485 0.736 3.92 8.91 0.796=> 1.105
XAU/USD:CT 0.891 0.610 2.10 4.31 8.92 0.797=> 0.979
XAU/USD:CY 0.869 0.302 4.09 6.91 8.91 0.796=> 1.092
XAU/USD:HP 1.226 0.291 4.09 3.24 8.91 0.730=> 1.212
XAU/USD:VO 2.92 110 2.21 63.5 0.350 0.609=> 1.449
XAU/USD:LP 1.784 2.31 0.980=> 1.678
XAU/USD:HU 17.1 1.341 10.6=> 1.335
XAU/USD:ES 7.50 4.49 0.316 0.134 0.608=> 1.464
XAU/USD:EA 7.50 2.10 1.187=> 1.797
XAU/USD:LS 1.784 2.31 0.134 0.178 0.736=> 1.190
XAG/USD:BB 24.3 0.590 0.607 3.57 8.90 0.730=> 0.890
XAG/USD:CT 0.606 0.693 0.669 6.91 8.91 0.796=> 1.102
XAG/USD:CY 0.402 0.705 4.09 2.95 8.91 0.796=> 1.976
XAG/USD:HP 0.326 0.401 1.578 2.95 8.91 0.796=> 0.990
XAG/USD:VO 2.89 110 2.66 44.2 0.300 0.609=> 1.427
XAG/USD:LP 4.63 3.38 1.080=> 2.190
XAG/USD:HU 7.29 5.08 14.1=> 1.289
XAG/USD:ES 2.61 4.47 0.559 0.462 0.802=> 1.385
XAG/USD:EA 1.963 2.54 3.08=> 1.512
XAG/USD:LS 4.63 4.47 0.121 0.508 0.803=> 1.845
