EUR/USD:BB 52.2 2.23 4.09 6.97 8.92 0.730=> 1.156
EUR/USD:CT 0.887 1.400 1.909 7.45 8.90 0.796=> 1.159
EUR/USD:CY 0.404 0.300 0.608 6.92 8.91 0.796=> 1.208
EUR/USD:HP 1.348 0.451 4.09 6.91 8.92 0.796=> 1.582
EUR/USD:VO 3.02 53.0 2.43 132 0.251 0.609=> 1.632
EUR/USD:LP 1.214 4.46 8.78=> 1.067
EUR/USD:HU 17.2 8.93 4.95=> 1.934
EUR/USD:ES 1.962 2.80 0.237 0.122 0.606=> 1.232
EUR/USD:EA 1.964 1.306 6.60=> 1.194
EUR/USD:LS 1.214 4.46 0.287 0.216 0.608=> 1.076
USD/CHF:BB 514 1.850 1.304 2.95 8.93 0.796=> 1.027
USD/CHF:CT 0.810 0.695 0.608 6.95 8.92 0.730=> 0.703
USD/CHF:CY 0.717 0.704 1.186 6.92 8.91 0.730=> 0.992
USD/CHF:HP 0.838 0.450 0.608 6.94 8.91 0.730=> 1.084
USD/CHF:VO 3.10 36.8 2.00 53.1 0.349 0.609=> 1.465
USD/CHF:LP 1.342 1.736 7.98=> 1.542
USD/CHF:HU 9.74 1.474 6.59=> 1.357
USD/CHF:ES 1.206 4.10 0.178 0.261 0.803=> 1.099
USD/CHF:EA 1.206 1.435 7.26=> 1.238
USD/CHF:LS 1.342 4.46 0.237 0.134 0.802=> 1.419
GBP/USD:BB 35.5 1.147 1.187 6.93 8.92 0.730=> 1.138
GBP/USD:CT 1.185 0.691 4.09 2.68 8.92 0.796=> 1.106
GBP/USD:CY 0.306 0.291 0.670 6.93 8.91 0.796=> 0.975
GBP/USD:HP 1.232 0.297 0.980 6.92 8.92 0.796=> 1.003
GBP/USD:VO 2.10 110 1.822 44.0 0.300 0.609=> 0.824
GBP/USD:LP 1.213 3.72 6.59=> 0.906
GBP/USD:HU 11.8 8.19 10.6=> 1.099
GBP/USD:ES 2.15 4.10 0.892 1.199 0.802=> 0.992
GBP/USD:EA 1.618 2.54 17.1=> 0.692
GBP/USD:LS 1.213 1.736 0.893 1.745 0.802=> 0.985
USD/CAD:BB 92.7 1.147 0.670 6.93 8.92 0.730=> 1.553
USD/CAD:CT 1.444 1.007 0.607 5.74 8.91 0.796=> 1.570
USD/CAD:CY 0.872 1.001 0.810 4.75 8.92 0.730=> 0.730
USD/CAD:HP 1.354 0.600 4.09 2.95 8.92 0.731=> 1.362
USD/CAD:VO 2.16 36.7 1.817 44.1 0.402 0.609=> 0.789
USD/CAD:LP 1.622 1.186 8.77=> 0.972
USD/CAD:HU 7.31 7.44 5.45=> 1.201
USD/CAD:ES 1.340 1.305 0.677 0.991 0.609=> 0.959
USD/CAD:EA 1.338 1.306 17.1=> 0.953
USD/CAD:LS 1.622 1.303 0.196 1.451 0.802=> 1.030
USD/JPY:BB 35.6 1.048 0.609 3.57 8.91 0.730=> 1.073
USD/JPY:CT 0.737 0.999 1.186 6.95 8.91 0.796=> 1.027
USD/JPY:CY 0.653 0.902 0.670 4.30 8.91 0.796=> 1.458
USD/JPY:HP 0.768 0.499 1.911 3.24 8.92 0.796=> 1.077
USD/JPY:VO 2.96 110 2.01 44.1 0.403 0.609=> 1.168
USD/JPY:LP 3.83 0.980 5.99=> 1.395
USD/JPY:HU 7.22 4.20 17.1=> 1.233
USD/JPY:ES 1.216 2.79 0.216 0.287 0.670=> 0.981
USD/JPY:EA 1.470 0.890 4.96=> 1.251
USD/JPY:LS 3.83 3.72 0.315 0.162 0.608=> 1.235
AUD/USD:BB 57.5 2.24 0.669 6.99 8.90 0.730=> 1.393
AUD/USD:CT 0.737 0.802 0.670 6.90 8.90 0.796=> 1.256
AUD/USD:CY 0.790 0.292 4.09 6.93 8.91 0.796=> 1.267
AUD/USD:HP 0.522 0.294 4.09 2.43 8.91 0.730=> 1.173
AUD/USD:VO +1.541 110 2.65 44.1 0.401 17.0=> 1.089
AUD/USD:LP 1.340 2.10 8.78=> 1.246
AUD/USD:HU 7.24 8.94 17.0=> 0.966
AUD/USD:ES 1.214 2.31 0.316 0.420 0.608=> 1.038
AUD/USD:EA 1.213 1.304 5.46=> 1.074
AUD/USD:LS 1.340 3.72 0.559 0.196 0.802=> 1.289
NAS100:BB 265 3.36 1.435 2.68 1.333 0.797=> 93.882
NAS100:CT 1.579 0.691 0.607 4.31 2.60 0.730=> 1.536
NAS100:CY 2.47 0.287 2.80 3.92 8.91 0.796=> 1.299
NAS100:HP 1.359 0.298 0.608 6.92 8.91 0.796=> 1.342
NAS100:VO 2.87 109 1.817 225 0.401 11.7=> 0.938
NAS100:LP 1.210 0.605 17.1=> 0.886
NAS100:HU 9.70 8.95 0.609=> 1.150
NAS100:ES 2.87 1.435 0.462 1.745 0.670=> 1.386
NAS100:EA 2.88 0.736 8.77=> 1.246
NAS100:LS 1.210 1.911 0.893 1.744 0.737=> 0.915
SPX500:BB 52.2 2.51 0.609 6.94 8.89 0.730=> 3.320
SPX500:CT 0.605 0.801 0.670 6.94 8.92 0.730=> 1.353
SPX500:CY 0.303 0.603 0.810 6.94 8.91 0.730=> 1.233
SPX500:HP 0.572 0.944 0.608 +7.81 1.203 0.730=> 1.036
SPX500:VO 2.98 36.8 2.65 44.0 0.300 17.0=> 1.157
SPX500:LP 1.471 0.606 1.435=> 1.520
SPX500:HU 10.7 8.92 12.9=> 1.456
SPX500:ES 1.218 2.31 0.382 0.261 0.803=> 0.952
SPX500:EA 1.340 0.607 17.0=> 1.081
SPX500:LS 1.471 1.735 0.287 1.745 0.802=> 1.091
US30:BB 47.6 3.49 0.609 6.31 1.466 0.730=> 122.642
US30:CT 0.806 0.798 3.07 6.95 8.91 0.796=> 1.421
US30:CY 0.303 0.291 0.608 6.94 8.91 0.796=> 1.185
US30:HP 0.392 0.949 1.748 2.96 2.37 0.730=> 1.435
US30:VO 3.01 52.9 1.824 110 0.401 17.0=> 0.895
US30:LP 1.217 0.737 2.54=> 1.072
US30:HU 11.8 8.94 9.66=> 1.124
US30:ES 5.08 1.433 0.287 1.743 0.802=> 1.456
US30:EA 5.08 1.076 17.1=> 1.460
US30:LS 1.217 2.10 0.261 0.122 0.804=> 0.969
GER30:BB 83.8 2.06 3.72 2.68 3.80 0.730=> 1.879
GER30:CT 0.811 1.890 0.811 3.24 8.90 0.796=> 1.411
GER30:CY 0.540 1.297 0.604 4.32 8.92 0.797=> 3.986
GER30:HP 1.018 0.947 2.10 2.43 8.92 0.730=> 0.113
GER30:VO +1.514 36.6 1.818 53.1 0.400 0.609=> 1.171
GER30:LP 1.199 1.434 17.1=> 0.969
GER30:HU 11.8 8.93 0.609=> 1.961
GER30:ES 4.17 0.606 0.287 0.134 0.607=> 2.316
GER30:EA 4.18 0.605 0.608=> 3.327
GER30:LS 1.199 1.577 0.892 1.744 0.609=> 0.894
USOil:BB 35.5 0.714 0.670 6.92 8.92 0.796=> 1.331
USOil:CT 0.598 0.688 0.608 6.31 8.91 0.796=> 0.922
USOil:CY 0.369 0.403 0.670 4.74 8.91 0.730=> 1.174
USOil:HP 0.356 0.350 0.608 5.74 8.91 0.730=> 1.235
USOil:VO 3.89 36.6 2.67 63.6 0.351 0.609=> 2.255
USOil:LP 6.12 1.081 0.982=> 1.552
USOil:HU 7.24 8.93 2.31=> 1.350
USOil:ES 3.16 3.72 0.316 0.462 0.803=> 1.578
USOil:EA 1.468 1.735 1.735=> 1.126
USOil:LS 6.12 1.185 0.615 0.615 0.803=> 1.389
UK100:BB 200 2.98 1.435 7.43 1.611 0.730=> 24.600
UK100:CT 0.981 0.686 1.579 2.42 8.92 0.797=> 1.375
UK100:CY 1.156 0.290 4.09 4.31 8.92 0.796=> 1.343
UK100:HP 1.230 0.298 4.09 2.68 8.92 0.730=> 1.375
UK100:VO 2.82 91.6 1.822 226 0.299 0.609=> 0.936
UK100:LP 1.210 1.304 14.1=> 1.066
UK100:HU 15.6 8.93 0.609=> 1.432
UK100:ES 5.04 1.736 0.216 0.216 0.608=> 1.534
UK100:EA 4.66 0.606 3.72=> 1.371
UK100:LS 1.210 1.434 0.892 1.743 0.609=> 0.960
XAU/USD:BB 111 0.486 0.609 3.92 8.91 0.796=> 1.115
XAU/USD:CT 0.890 0.609 1.304 3.25 8.90 0.797=> 1.425
XAU/USD:CY 0.953 0.301 4.09 6.91 8.92 0.730=> 1.565
XAU/USD:HP 0.430 0.292 4.09 6.95 8.92 0.730=> 1.284
XAU/USD:VO +4.48 113 +2.94 231 0.400 0.609=> 159.274
XAU/USD:LP 1.780 2.31 0.980=> 1.596
XAU/USD:HU 17.2 1.473 11.7=> 1.803
XAU/USD:ES 1.961 4.46 0.382 0.216 0.669=> 1.388
XAU/USD:EA 1.956 2.53 2.31=> 1.748
XAU/USD:LS 1.780 2.31 0.134 0.178 0.801=> 1.172
XAG/USD:BB 24.3 0.647 0.608 3.92 8.90 0.730=> 0.954
XAG/USD:CT 0.604 0.798 0.669 5.75 8.91 0.796=> 1.211
XAG/USD:CY 0.369 0.799 1.737 2.95 8.91 0.796=> 2.188
XAG/USD:HP 0.326 0.450 1.579 2.95 8.91 0.796=> 1.055
XAG/USD:VO 2.88 110 2.66 44.2 0.250 0.609=> 1.414
XAG/USD:LP 3.82 4.09 3.72=> 2.179
XAG/USD:HU 8.05 4.62 12.9=> 1.346
XAG/USD:ES 1.780 4.10 0.122 0.420 0.608=> 1.355
XAG/USD:EA 1.962 2.54 3.38=> 1.408
XAG/USD:LS 3.82 4.46 0.122 0.677 0.803=> 1.974
