EUR/USD:BB 57.2 3.12 1.735 2.68 8.92 0.730=> 3.545
EUR/USD:CT 0.814 1.302 2.54 6.95 8.92 0.796=> 1.416
EUR/USD:CY 0.403 0.999 0.810 6.91 8.91 0.796=> 2.396
EUR/USD:HP 0.242 0.549 0.606 6.92 3.80 0.796=> 1.454
EUR/USD:VO 2.96 36.8 2.67 52.9 0.350 0.609=> 1.348
EUR/USD:LP 1.210 0.609 4.10=> 1.228
EUR/USD:HU 17.3 8.92 1.304=> 3.586
EUR/USD:ES 4.22 4.46 0.122 0.196 0.608=> 1.051
EUR/USD:EA 1.619 0.890 1.079=> 1.460
EUR/USD:LS 1.210 1.737 0.892 1.744 0.670=> 1.008
USD/CHF:BB 24.4 0.948 4.09 2.43 8.92 0.730=> 1.104
USD/CHF:CT 1.745 1.100 1.304 6.32 8.93 0.796=> 1.717
USD/CHF:CY 0.302 1.301 0.608 6.89 2.86 0.730=> 2.979
USD/CHF:HP 3.54 0.402 3.08 3.56 8.91 0.730=> 1.114
USD/CHF:VO +4.49 35.9 +2.95 44.2 0.349 0.609=> 4.446
USD/CHF:LP 8.98 1.571 1.739=> 1.886
USD/CHF:HU 9.71 7.44 9.66=> 1.321
USD/CHF:ES 9.06 4.47 0.122 0.162 0.604=> 2.340
USD/CHF:EA 9.57 1.435 1.077=> 3.774
USD/CHF:LS 8.98 1.737 0.347 0.347 0.669=> 1.274
GBP/USD:BB 32.4 0.948 1.305 3.24 8.91 0.796=> 1.210
GBP/USD:CT +0.527 0.699 0.607 3.57 8.91 0.730=> 1.305
GBP/USD:CY 0.303 0.805 0.608 6.96 8.90 0.730=> 1.070
GBP/USD:HP 0.356 0.451 4.09 2.68 8.92 0.796=> 1.152
GBP/USD:VO 2.05 110 1.827 43.9 0.400 0.609=> 0.811
GBP/USD:LP 3.81 3.72 1.579=> 1.109
GBP/USD:HU 11.8 8.19 4.50=> 1.438
GBP/USD:ES 1.335 3.38 0.744 0.508 0.802=> 0.974
GBP/USD:EA 1.340 0.738 11.7=> 1.135
GBP/USD:LS 3.81 4.47 0.121 0.216 0.804=> 0.965
USD/CAD:BB 426 2.04 0.608 7.00 8.90 0.730=> 2.180
USD/CAD:CT 1.736 0.804 0.810 6.31 8.92 0.796=> 1.141
USD/CAD:CY 3.63 0.299 0.608 6.92 8.89 0.730=> 1.324
USD/CAD:HP 1.803 0.452 0.608 2.95 8.90 0.797=> 0.981
USD/CAD:VO 2.11 76.2 1.825 76.4 0.400 0.609=> 1.042
USD/CAD:LP 1.340 4.46 17.1=> 1.115
USD/CAD:HU 17.3 8.95 17.0=> 2.513
USD/CAD:ES 1.219 1.434 0.676 0.261 0.803=> 1.025
USD/CAD:EA 1.222 1.079 17.1=> 1.085
USD/CAD:LS 1.340 4.46 0.261 0.134 0.608=> 1.165
USD/JPY:BB 111 3.57 0.598 7.48 1.468 0.730=> 34.153
USD/JPY:CT 1.439 1.401 1.739 2.68 8.90 0.796=> 1.135
USD/JPY:CY 1.151 0.799 2.10 2.68 8.91 0.730=> 1.450
USD/JPY:HP 1.021 0.499 0.981 2.43 8.91 0.796=> 0.760
USD/JPY:VO 2.79 36.6 1.825 132 0.400 0.609=> 0.896
USD/JPY:LP 1.216 0.668 0.736=> 1.142
USD/JPY:HU 6.68 8.92 15.6=> 0.837
USD/JPY:ES 4.61 4.46 0.237 0.509 0.805=> 1.049
USD/JPY:EA 1.214 0.810 10.6=> 0.951
USD/JPY:LS 1.216 2.54 0.196 0.316 0.803=> 1.095
AUD/USD:BB 123 0.536 0.810 6.32 8.92 0.796=> 1.525
AUD/USD:CT 0.808 0.684 4.09 2.43 8.91 0.730=> 1.497
AUD/USD:CY 3.60 0.297 0.891 2.95 8.92 0.796=> 1.160
AUD/USD:HP 3.19 0.860 0.606 6.93 1.214 0.796=> 1.181
AUD/USD:VO 2.10 110 1.824 76.3 0.403 17.0=> 1.104
AUD/USD:LP 1.475 0.607 2.54=> 1.592
AUD/USD:HU 7.21 1.215 14.1=> 1.537
AUD/USD:ES 1.208 4.47 0.615 0.147 0.609=> 1.032
AUD/USD:EA 1.209 0.606 2.80=> 1.486
AUD/USD:LS 1.475 4.47 0.122 0.901 0.608=> 1.335
NAS100:BB 347 3.25 0.981 2.94 8.92 0.797=> 88.436
NAS100:CT 1.732 1.101 0.606 4.31 8.90 0.730=> 0.853
NAS100:CY 3.61 0.503 0.608 4.74 8.90 0.796=> 1.216
NAS100:HP 3.52 0.299 0.607 4.31 8.91 0.796=> 0.831
NAS100:VO 2.89 36.8 1.816 228 0.401 11.7=> 1.222
NAS100:LP 6.17 0.810 4.10=> 2.284
NAS100:HU 8.84 8.94 1.737=> 1.660
NAS100:ES 2.86 1.735 0.178 0.216 0.608=> 1.950
NAS100:EA 2.87 0.736 4.50=> 1.770
NAS100:LS 6.17 1.578 0.178 0.122 0.607=> 2.549
SPX500:BB 241 4.19 0.979 2.95 8.92 0.796=> 502.546
SPX500:CT 0.604 0.899 2.79 6.90 8.92 0.730=> 1.181
SPX500:CY 0.304 1.199 0.606 7.03 1.773 0.730=> 2.374
SPX500:HP 0.694 0.297 4.09 6.93 8.92 0.796=> 1.187
SPX500:VO 2.84 36.5 2.43 228 0.351 0.609=> 1.186
SPX500:LP 3.48 0.671 1.306=> 1.928
SPX500:HU 11.7 8.94 0.609=> 2.331
SPX500:ES 4.23 1.908 0.122 0.261 0.609=> 2.051
SPX500:EA 4.22 1.303 0.736=> 2.167
SPX500:LS 3.48 1.736 0.178 0.147 0.608=> 1.481
US30:BB 218 3.93 1.076 2.43 8.92 0.730=> 392.075
US30:CT 0.736 0.699 4.09 2.95 8.91 0.796=> 0.988
US30:CY 3.60 0.400 4.09 2.95 8.91 0.730=> 1.372
US30:HP 3.52 0.453 0.608 3.24 8.92 0.730=> 1.007
US30:VO 2.88 36.6 1.825 227 0.300 0.609=> 1.049
US30:LP 9.57 1.306 0.891=> 3.509
US30:HU 10.7 8.98 0.608=> 1.657
US30:ES 4.20 2.80 0.818 0.216 0.609=> 1.470
US30:EA 1.217 0.609 11.7=> 1.333
US30:LS 9.57 4.45 0.348 0.162 0.610=> 3.148
GER30:BB 84.7 3.24 1.078 6.98 1.473 0.730=> 366.703
GER30:CT 0.606 1.004 2.80 5.22 8.88 0.730=> 1.366
GER30:CY 0.792 1.000 0.606 4.73 5.57 0.730=> 1.858
GER30:HP +0.208 0.704 1.078 3.91 8.92 0.730=> 3.338
GER30:VO +1.450 36.6 1.821 76.4 0.400 0.609=> 1.319
GER30:LP 1.202 1.302 5.45=> 1.609
GER30:HU 13.0 8.91 0.609=> 1.445
GER30:ES 4.22 1.076 0.462 0.261 0.803=> 2.186
GER30:EA 1.205 0.608 5.99=> 1.606
GER30:LS 1.202 1.305 0.892 1.319 0.670=> 1.322
USOil:BB 216 3.94 0.605 6.93 2.86 0.730=> 386.637
USOil:CT 0.895 0.895 0.607 5.73 8.91 0.796=> 1.129
USOil:CY 0.592 0.299 0.608 3.92 8.91 0.730=> 1.460
USOil:HP 0.522 0.400 0.609 5.22 8.90 0.730=> 0.904
USOil:VO +4.48 36.8 +2.93 261 0.390 0.609=> 2.894
USOil:LP 1.213 4.46 17.0=> 1.128
USOil:HU 7.21 8.99 5.99=> 1.684
USOil:ES 4.20 4.09 0.162 0.420 0.805=> 1.329
USOil:EA 3.84 2.54 11.7=> 1.379
USOil:LS 1.213 2.31 0.892 0.508 0.736=> 1.400
UK100:BB 102 2.72 1.435 7.45 1.614 0.730=> 11.946
UK100:CT 0.600 1.713 0.609 7.43 1.774 0.730=> 10.120
UK100:CY 0.404 0.292 4.09 2.43 8.92 0.796=> 1.247
UK100:HP +0.202 0.758 0.607 6.31 8.92 0.796=> 7.563
UK100:VO 2.81 36.7 1.823 76.2 0.350 7.25=> 0.751
UK100:LP 5.12 0.602 0.892=> 3.192
UK100:HU 17.4 1.206 4.09=> 1.382
UK100:ES 1.210 1.078 0.892 1.451 0.802=> 0.891
UK100:EA 2.60 0.607 4.96=> 1.559
UK100:LS 5.12 0.892 0.216 0.122 0.802=> 1.905
XAU/USD:BB 63.0 1.670 0.891 3.56 3.81 0.796=> 1.056
XAU/USD:CT 0.811 +0.547 0.608 4.31 8.92 0.796=> 0.749
XAU/USD:CY 1.158 0.292 4.09 2.94 8.92 0.730=> 1.165
XAU/USD:HP 1.225 0.294 4.09 3.56 8.91 0.730=> 1.111
XAU/USD:VO 2.95 111 2.01 76.3 0.400 0.609=> 1.572
XAU/USD:LP 8.95 4.47 17.1=> 3.579
XAU/USD:HU 17.3 1.612 1.078=> 1.472
XAU/USD:ES 8.10 4.48 0.745 0.744 0.670=> 2.972
XAU/USD:EA 8.06 2.55 1.433=> 4.753
XAU/USD:LS 8.95 3.72 0.237 0.287 0.736=> 3.426
XAG/USD:BB 164 0.708 0.609 6.90 8.91 0.730=> 1.113
XAG/USD:CT 0.606 0.610 0.609 6.31 8.90 0.730=> 1.269
XAG/USD:CY 0.400 0.700 4.09 6.93 8.91 0.796=> 2.460
XAG/USD:HP 0.354 0.450 2.31 6.94 8.92 0.796=> 1.130
XAG/USD:VO 2.98 109 2.65 63.6 0.300 0.609=> 1.784
XAG/USD:LP 5.08 1.078 0.893=> 3.093
XAG/USD:HU 7.25 5.57 17.0=> 1.365
XAG/USD:ES 4.17 4.48 0.122 0.616 0.609=> 1.477
XAG/USD:EA 3.47 2.54 1.078=> 2.488
XAG/USD:LS 5.08 4.47 0.122 0.678 0.803=> 1.852
