EUR/USD:BB 52.3 2.22 4.09 6.95 8.92 0.730=> 1.298
EUR/USD:CT 0.887 1.305 2.54 3.24 8.91 0.730=> 1.275
EUR/USD:CY 0.404 1.004 0.737 6.91 8.90 0.796=> 2.026
EUR/USD:HP 0.242 0.501 0.607 6.93 8.92 0.796=> 1.046
EUR/USD:VO 2.90 36.8 2.67 76.4 0.300 0.609=> 1.332
EUR/USD:LP 3.83 1.577 0.891=> 1.613
EUR/USD:HU 17.2 8.92 4.50=> 3.149
EUR/USD:ES 1.962 2.80 0.162 0.901 0.803=> 1.213
EUR/USD:EA 1.780 1.187 1.078=> 1.546
EUR/USD:LS 3.83 3.38 0.347 0.420 0.803=> 1.295
USD/CHF:BB 24.4 0.947 4.09 2.43 8.91 0.796=> 0.921
USD/CHF:CT 1.753 1.095 0.607 4.75 2.36 0.796=> 1.790
USD/CHF:CY 1.394 0.807 2.10 3.92 8.91 0.796=> 1.105
USD/CHF:HP 0.223 0.499 0.608 6.90 8.90 0.796=> 1.317
USD/CHF:VO 3.12 36.6 2.21 63.6 0.300 0.609=> 1.421
USD/CHF:LP 1.472 4.46 1.910=> 1.478
USD/CHF:HU 10.7 8.91 3.38=> 1.904
USD/CHF:ES 8.99 3.73 0.121 0.122 0.804=> 1.530
USD/CHF:EA 8.98 1.187 0.982=> 2.451
USD/CHF:LS 1.472 4.47 0.122 0.261 0.608=> 1.364
GBP/USD:BB 39.2 1.393 1.078 6.92 8.92 0.730=> 1.135
GBP/USD:CT 0.556 0.688 3.08 3.56 8.91 0.730=> 1.095
GBP/USD:CY 0.302 0.894 0.609 6.98 8.90 0.796=> 0.859
GBP/USD:HP 0.240 0.296 0.607 3.92 8.92 0.730=> 1.143
GBP/USD:VO +1.540 76.3 1.821 44.1 0.400 17.0=> 0.787
GBP/USD:LP 1.215 4.09 0.609=> 1.093
GBP/USD:HU 11.8 3.47 3.38=> 1.388
GBP/USD:ES 1.218 3.08 0.463 0.237 0.803=> 0.847
GBP/USD:EA 1.335 2.10 4.50=> 0.915
GBP/USD:LS 1.215 4.46 0.287 0.420 0.802=> 1.030
USD/CAD:BB 425 1.855 0.669 5.21 8.90 0.796=> 1.754
USD/CAD:CT 1.184 1.100 2.10 3.56 8.92 0.796=> 1.407
USD/CAD:CY 0.871 1.596 0.811 6.98 1.613 0.730=> 1.894
USD/CAD:HP 1.228 0.598 0.670 3.23 8.91 0.796=> 1.565
USD/CAD:VO +1.528 91.5 2.65 76.5 0.401 0.609=> 1.088
USD/CAD:LP 1.617 4.46 17.1=> 1.264
USD/CAD:HU 17.2 8.94 6.59=> 2.044
USD/CAD:ES 1.224 3.08 0.744 0.287 0.802=> 1.078
USD/CAD:EA 1.333 1.304 9.66=> 1.146
USD/CAD:LS 1.617 4.10 0.178 0.122 0.803=> 1.244
USD/JPY:BB 239 3.59 0.559 6.94 1.466 0.730=> 54.143
USD/JPY:CT 0.669 0.691 2.54 6.94 8.92 0.730=> 1.176
USD/JPY:CY 1.156 0.799 1.910 2.68 8.91 0.796=> 1.392
USD/JPY:HP 1.019 0.854 0.608 4.32 1.212 0.730=> 1.105
USD/JPY:VO 2.81 36.5 2.01 63.7 0.400 0.609=> 1.142
USD/JPY:LP 1.213 0.669 4.95=> 1.119
USD/JPY:HU 7.24 8.92 1.078=> 0.906
USD/JPY:ES 1.212 2.79 0.261 0.134 0.736=> 0.943
USD/JPY:EA 1.340 2.31 6.60=> 0.947
USD/JPY:LS 1.213 2.10 0.147 0.347 0.736=> 0.958
AUD/USD:BB 57.5 2.04 1.079 6.90 8.91 0.730=> 1.311
AUD/USD:CT 0.735 0.692 1.305 2.94 8.91 0.730=> 1.002
AUD/USD:CY 0.490 0.286 4.09 2.43 8.92 0.796=> 1.153
AUD/USD:HP 3.50 0.297 0.609 5.21 8.91 0.796=> 0.874
AUD/USD:VO +1.552 109 1.827 44.0 0.300 0.609=> 0.944
AUD/USD:LP 1.339 2.31 1.435=> 1.460
AUD/USD:HU 6.70 1.217 4.95=> 1.972
AUD/USD:ES 1.212 4.46 0.677 0.122 0.802=> 1.144
AUD/USD:EA 1.213 0.607 2.54=> 1.396
AUD/USD:LS 1.339 4.46 0.237 0.216 0.803=> 1.334
NAS100:BB 323 3.38 0.982 2.94 8.92 0.796=> 99.110
NAS100:CT 1.439 0.688 0.609 5.73 8.91 0.730=> 0.674
NAS100:CY 2.05 0.286 0.609 5.74 8.91 0.796=> 0.855
NAS100:HP 0.633 0.294 0.607 6.93 8.91 0.730=> 0.947
NAS100:VO 2.93 36.8 1.817 228 0.402 11.7=> 1.159
NAS100:LP 1.618 4.47 17.0=> 1.161
NAS100:HU 7.31 8.95 1.435=> 1.406
NAS100:ES 2.88 1.578 0.162 1.089 0.608=> 1.656
NAS100:EA 2.87 0.670 1.079=> 2.197
NAS100:LS 1.618 4.09 0.196 0.462 0.802=> 1.163
SPX500:BB 219 4.18 0.979 2.95 8.92 0.796=> 502.546
SPX500:CT 0.603 0.900 0.670 6.95 8.91 0.730=> 1.108
SPX500:CY 0.336 0.801 0.736 6.95 8.90 0.730=> 1.680
SPX500:HP 0.632 0.298 2.31 6.92 8.92 0.730=> 1.363
SPX500:VO 2.94 36.5 2.22 228 0.399 12.9=> 0.945
SPX500:LP 3.82 0.735 1.579=> 1.758
SPX500:HU 10.7 8.94 2.10=> 2.220
SPX500:ES 4.22 1.737 0.122 0.122 0.803=> 1.629
SPX500:EA 4.19 1.435 14.1=> 1.988
SPX500:LS 3.82 1.737 0.147 0.287 0.736=> 1.399
US30:BB 197 2.04 0.810 3.57 1.773 0.797=> 1.974
US30:CT 0.740 0.698 4.09 2.94 8.92 0.796=> 1.041
US30:CY 0.657 0.292 0.810 6.92 8.91 0.796=> 0.954
US30:HP 0.242 0.947 2.54 2.94 1.620 0.798=> 1.684
US30:VO 2.97 36.5 1.825 227 0.350 0.609=> 0.991
US30:LP 1.215 2.80 17.1=> 1.045
US30:HU 11.7 8.94 0.670=> 1.580
US30:ES 4.19 3.08 0.382 0.237 0.803=> 1.236
US30:EA 1.217 0.668 12.8=> 1.330
US30:LS 1.215 4.46 0.676 0.134 0.803=> 1.115
GER30:BB 26.8 2.02 0.604 7.00 1.209 0.730=> 2.317
GER30:CT 0.810 0.994 0.604 6.92 2.86 0.796=> 3.613
GER30:CY 0.787 1.001 0.606 3.24 1.775 0.730=> 2.411
GER30:HP 1.010 0.453 0.609 4.32 8.90 0.730=> 1.598
GER30:VO +1.469 36.7 1.819 91.5 0.400 0.609=> 1.218
GER30:LP 1.200 1.435 9.67=> 1.431
GER30:HU 11.8 8.92 0.810=> 1.998
GER30:ES 4.21 0.892 0.420 0.287 0.608=> 2.260
GER30:EA 4.20 1.304 10.6=> 2.182
GER30:LS 1.200 2.80 0.316 0.420 0.803=> 1.296
USOil:BB 216 1.876 1.738 6.88 6.13 0.796=> 1.207
USOil:CT 0.890 0.896 0.607 5.23 8.89 0.796=> 1.127
USOil:CY 0.405 0.497 0.669 4.75 8.92 0.730=> 1.407
USOil:HP 0.473 0.301 0.609 5.74 8.91 0.796=> 1.549
USOil:VO 3.90 36.6 2.68 110 0.352 0.609=> 2.590
USOil:LP 6.14 4.49 15.5=> 1.365
USOil:HU 7.25 8.93 2.31=> 1.628
USOil:ES 4.21 4.46 0.122 0.745 0.605=> 1.293
USOil:EA 1.217 0.604 14.1=> 1.356
USOil:LS 6.14 4.09 0.744 1.090 0.609=> 1.322
UK100:BB 197 3.29 0.561 6.99 3.14 0.730=> 261.378
UK100:CT 0.604 1.811 4.09 2.42 8.92 0.730=> 6.153
UK100:CY 0.404 0.296 4.09 2.43 8.92 0.796=> 1.167
UK100:HP 0.632 0.948 0.609 4.30 8.92 0.730=> 0.680
UK100:VO 2.08 36.7 1.821 91.5 0.400 17.1=> 0.910
UK100:LP 2.38 1.078 10.6=> 1.398
UK100:HU 8.85 8.95 0.609=> 1.596
UK100:ES 1.218 1.304 0.508 1.319 0.670=> 1.104
UK100:EA 1.222 1.186 10.6=> 1.132
UK100:LS 2.38 1.303 0.892 0.615 0.609=> 1.207
XAU/USD:BB 112 0.484 1.305 4.74 8.91 0.796=> 1.167
XAU/USD:CT 0.812 +0.546 0.891 5.22 8.92 0.796=> 0.774
XAU/USD:CY 0.788 0.296 0.608 6.92 8.91 0.796=> 0.975
XAU/USD:HP 0.431 0.295 4.09 6.91 8.92 0.730=> 1.189
XAU/USD:VO 2.93 110 2.21 63.6 0.350 0.609=> 1.492
XAU/USD:LP 1.782 2.31 0.980=> 1.700
XAU/USD:HU 17.2 1.474 11.7=> 1.359
XAU/USD:ES 8.10 4.47 0.421 0.178 0.670=> 1.942
XAU/USD:EA 8.08 2.57 1.434=> 3.190
XAU/USD:LS 1.782 2.31 0.237 0.420 0.802=> 1.179
XAG/USD:BB 419 3.92 0.810 2.43 8.92 0.730=> 129.579
XAG/USD:CT 0.600 0.686 0.610 5.75 8.91 0.796=> 1.094
XAG/USD:CY 0.370 0.707 1.911 3.24 8.92 0.796=> 2.272
XAG/USD:HP 0.325 0.402 1.435 6.92 8.91 0.796=> 1.175
XAG/USD:VO 2.89 110 2.65 63.5 0.251 0.609=> 1.392
XAG/USD:LP 5.08 2.31 0.980=> 2.203
XAG/USD:HU 7.29 5.08 14.1=> 1.338
XAG/USD:ES 3.48 4.49 0.121 0.122 0.607=> 1.199
XAG/USD:EA 3.16 2.54 0.891=> 1.611
XAG/USD:LS 5.08 4.47 0.134 0.560 0.805=> 1.743
