EUR/USD:BB 24.3 0.948 0.891 6.91 8.91 0.730=> 1.032
EUR/USD:CT 0.898 1.100 0.609 6.31 3.15 0.796=> 1.903
EUR/USD:CY 0.301 0.999 0.608 5.22 8.91 0.796=> 1.081
EUR/USD:HP 0.241 0.549 0.607 6.91 8.92 0.796=> 1.466
EUR/USD:VO 3.16 36.6 2.68 44.3 0.297 0.609=> 3.903
EUR/USD:LP 9.02 1.079 1.078=> 4.699
EUR/USD:HU 7.31 8.19 1.910=> 2.688
EUR/USD:ES 8.87 4.49 0.122 0.462 0.609=> 1.654
EUR/USD:EA 8.89 2.55 0.605=> 2.071
EUR/USD:LS 9.02 4.47 0.178 0.382 0.609=> 2.699
USD/CHF:BB 24.3 1.043 4.09 3.24 8.91 0.796=> 1.348
USD/CHF:CT 1.732 0.795 0.810 3.56 8.92 0.796=> 1.688
USD/CHF:CY +0.264 0.600 0.608 6.30 8.91 0.797=> 1.644
USD/CHF:HP 0.268 0.400 1.736 6.92 8.92 0.796=> 1.414
USD/CHF:VO +4.55 36.4 2.68 92.0 0.250 0.609=> 3.594
USD/CHF:LP 8.92 1.435 1.435=> 1.389
USD/CHF:HU 9.71 7.44 2.31=> 1.059
USD/CHF:ES 9.00 4.46 0.121 0.196 0.802=> 1.696
USD/CHF:EA 9.55 1.186 1.184=> 1.780
USD/CHF:LS 8.92 2.10 0.463 0.347 0.804=> 1.101
GBP/USD:BB 92.5 2.02 0.669 6.31 5.07 0.730=> 1.368
GBP/USD:CT 0.598 0.705 1.186 3.24 8.92 0.796=> 0.940
GBP/USD:CY 2.48 1.004 4.09 5.74 8.91 0.730=> 1.355
GBP/USD:HP 0.242 0.498 2.10 2.95 8.92 0.796=> 0.942
GBP/USD:VO 2.84 109 2.43 228 0.404 14.1=> 1.931
GBP/USD:LP 1.213 2.80 11.7=> 1.274
GBP/USD:HU 7.25 2.87 12.8=> 0.987
GBP/USD:ES 1.613 4.09 0.122 0.462 0.802=> 1.591
GBP/USD:EA 1.477 2.54 2.54=> 1.096
GBP/USD:LS 1.213 2.79 0.122 0.347 0.802=> 1.305
USD/CAD:BB 462 1.997 0.979 2.68 1.774 0.796=> 1.582
USD/CAD:CT 1.296 1.098 1.910 2.68 8.89 0.730=> 0.933
USD/CAD:CY 1.054 1.602 4.09 2.43 8.91 0.797=> 1.150
USD/CAD:HP 1.228 0.650 4.09 2.43 8.91 0.797=> 0.904
USD/CAD:VO 2.04 109 2.66 63.8 0.405 0.609=> 2.290
USD/CAD:LP 1.217 4.46 17.0=> 1.224
USD/CAD:HU 17.2 8.95 0.609=> 2.179
USD/CAD:ES 8.91 4.50 0.287 0.162 0.608=> 1.934
USD/CAD:EA 8.96 0.978 3.07=> 2.124
USD/CAD:LS 1.217 3.39 0.178 0.134 0.670=> 1.380
USD/JPY:BB 24.1 1.860 0.608 5.22 8.90 0.730=> 1.148
USD/JPY:CT 1.306 1.501 4.09 2.68 8.90 0.796=> 1.969
USD/JPY:CY 1.160 1.815 4.09 2.44 8.94 0.796=> 2.413
USD/JPY:HP 2.40 0.858 4.09 5.22 4.18 0.730=> 2.637
USD/JPY:VO 2.92 36.9 1.827 63.6 0.349 0.609=> 0.900
USD/JPY:LP 1.220 3.08 17.0=> 1.293
USD/JPY:HU 7.23 2.16 17.1=> 0.796
USD/JPY:ES 2.61 2.54 0.892 0.991 0.608=> 1.135
USD/JPY:EA 3.48 2.53 1.185=> 0.846
USD/JPY:LS 1.220 2.80 0.122 1.450 0.802=> 1.315
AUD/USD:BB 26.8 1.848 2.54 3.24 8.92 0.796=> 1.013
AUD/USD:CT 0.888 1.596 4.09 6.91 6.73 0.796=> 2.050
AUD/USD:CY 0.790 1.602 4.09 2.42 8.92 0.796=> 0.649
AUD/USD:HP 0.920 0.944 1.910 6.95 8.89 0.730=> 1.440
AUD/USD:VO 2.84 36.8 2.67 91.7 0.402 0.609=> 1.075
AUD/USD:LP 8.96 4.45 0.670=> 2.421
AUD/USD:HU 7.22 1.219 2.54=> 1.167
AUD/USD:ES 4.23 4.48 0.261 0.237 0.670=> 1.270
AUD/USD:EA 9.56 0.982 0.608=> 2.610
AUD/USD:LS 8.96 4.45 0.121 0.134 0.669=> 1.664
NAS100:BB 348 2.91 4.09 2.43 8.89 0.730=> 4.218
NAS100:CT 0.557 1.295 4.09 2.43 4.60 0.796=> 1.175
NAS100:CY 1.042 0.902 0.981 6.93 8.89 0.730=> 0.925
NAS100:HP 3.50 0.500 0.605 6.93 8.92 0.730=> 0.747
NAS100:VO 2.95 36.4 1.823 76.0 0.400 0.609=> 1.200
NAS100:LP 6.76 1.579 5.46=> 3.022
NAS100:HU 7.29 5.59 3.38=> 1.620
NAS100:ES 1.618 4.09 0.122 0.134 0.737=> 1.571
NAS100:EA 2.87 0.669 3.72=> 2.265
NAS100:LS 6.76 4.47 0.122 0.216 0.736=> 2.411
SPX500:BB 241 3.38 0.609 +2.12 1.211 0.730=> 6.057
SPX500:CT 0.986 1.600 0.606 5.21 3.14 0.730=> 2.194
SPX500:CY 2.48 1.200 1.435 6.95 8.92 0.730=> 1.280
SPX500:HP 0.759 0.501 0.605 5.21 3.15 0.730=> 0.813
SPX500:VO 2.81 36.7 2.01 63.7 0.350 0.609=> 1.040
SPX500:LP 8.98 1.184 1.435=> 2.331
SPX500:HU 7.32 8.93 0.609=> 1.290
SPX500:ES 4.24 1.738 0.315 0.162 0.608=> 2.264
SPX500:EA 4.20 0.809 4.09=> 3.023
SPX500:LS 8.98 4.51 0.148 0.196 0.736=> 1.972
US30:BB 163 1.873 0.605 3.90 4.60 0.730=> 0.930
US30:CT 0.732 1.886 1.189 7.49 2.86 0.730=> 5.245
US30:CY 3.30 0.402 0.609 6.92 2.36 0.730=> 1.397
US30:HP 3.51 0.503 0.608 6.91 7.42 0.796=> 0.758
US30:VO 3.03 76.2 1.825 228 0.251 15.6=> 1.378
US30:LP 3.17 1.188 12.8=> 2.668
US30:HU 11.7 8.92 0.609=> 2.255
US30:ES 2.17 4.46 0.122 0.122 0.804=> 1.830
US30:EA 2.37 0.980 3.72=> 2.420
US30:LS 3.17 1.308 0.134 0.420 0.802=> 2.158
GER30:BB 179 2.02 0.609 +7.91 3.16 0.730=> 1.758
GER30:CT +0.523 1.689 0.892 6.88 1.465 0.796=> 3.123
GER30:CY 0.794 0.999 0.606 4.74 8.91 0.730=> 1.671
GER30:HP +0.207 0.661 0.608 3.92 8.92 0.730=> 0.557
GER30:VO +1.481 63.6 1.824 76.4 0.400 0.609=> 1.017
GER30:LP 1.201 1.079 8.78=> 1.678
GER30:HU 17.2 5.08 0.810=> 2.221
GER30:ES 4.25 1.077 0.892 0.237 0.609=> 1.644
GER30:EA 1.341 0.980 6.59=> 1.556
GER30:LS 1.201 1.078 0.892 0.991 0.802=> 1.473
USOil:BB 466 1.848 1.078 2.94 8.92 0.796=> 1.969
USOil:CT 1.076 1.093 0.736 6.30 8.91 0.730=> 1.880
USOil:CY 0.858 0.699 0.607 3.92 8.92 0.796=> 0.961
USOil:HP 0.522 0.948 2.54 3.24 8.92 0.798=> 2.898
USOil:VO 3.04 36.8 2.20 44.0 0.250 0.609=> 1.264
USOil:LP 1.206 4.46 5.45=> 0.913
USOil:HU 6.69 9.53 7.25=> 1.505
USOil:ES 4.20 3.73 0.892 1.744 0.802=> 0.968
USOil:EA 3.78 0.606 8.78=> 1.498
USOil:LS 1.206 1.738 0.745 1.451 0.802=> 1.287
UK100:BB 24.5 2.42 0.607 6.91 2.15 0.730=> 190.606
UK100:CT +1.946 0.906 2.10 +7.76 6.13 0.730=> 1.030
UK100:CY 0.278 0.299 0.608 6.90 8.91 0.796=> 1.253
UK100:HP 0.221 0.650 0.566 6.30 6.13 0.796=> 10.054
UK100:VO +4.88 44.2 1.795 63.9 0.251 0.609=> 0.817
UK100:LP 5.52 1.903 1.187=> 5.362
UK100:HU 7.25 4.62 0.980=> 1.148
UK100:ES 2.58 1.306 0.122 0.382 0.803=> 1.767
UK100:EA 2.60 0.981 2.80=> 2.740
UK100:LS 5.52 1.079 0.216 0.147 0.736=> 4.527
XAU/USD:BB 29.7 1.846 1.304 5.23 6.74 0.730=> 1.060
XAU/USD:CT 0.598 0.898 0.737 6.30 8.93 0.796=> 1.880
XAU/USD:CY 0.656 0.289 0.607 5.73 7.41 0.730=> 0.658
XAU/USD:HP 0.696 0.294 1.305 6.96 8.90 0.796=> 0.773
XAU/USD:VO +1.477 110 1.820 44.1 0.249 0.609=> 0.563
XAU/USD:LP 6.78 4.48 1.915=> 4.805
XAU/USD:HU +19.4 8.95 0.609=> 1.164
XAU/USD:ES 8.70 1.579 0.287 0.382 0.737=> 2.631
XAU/USD:EA 8.26 1.574 0.609=> 8.620
XAU/USD:LS 6.78 4.49 0.262 0.216 0.609=> 1.602
XAG/USD:BB 465 1.391 0.810 3.24 5.07 0.796=> 6.012
XAG/USD:CT 1.302 +1.974 2.10 7.01 8.92 0.730=> 2.734
XAG/USD:CY 2.25 1.892 +0.522 +7.74 3.82 0.730=> 2.568
XAG/USD:HP 2.89 0.652 0.603 6.91 2.86 0.730=> 2.956
XAG/USD:VO 2.14 36.3 2.67 43.6 0.247 0.609=> 1.019
XAG/USD:LP 1.209 1.304 17.1=> 1.075
XAG/USD:HU 6.65 7.43 0.609=> 1.615
XAG/USD:ES 7.47 0.607 0.892 1.746 0.802=> 0.732
XAG/USD:EA 7.44 0.604 1.079=> 3.208
XAG/USD:LS 1.209 1.302 0.196 0.147 0.809=> 0.985
