EUR/USD:BB 47.4 2.21 4.09 6.95 8.92 0.730=> 1.086
EUR/USD:CT 0.886 1.198 0.669 6.93 8.92 0.796=> 1.240
EUR/USD:CY 0.403 1.006 0.737 6.92 8.90 0.796=> 1.947
EUR/USD:HP 0.242 0.450 2.31 6.94 8.92 0.796=> 1.044
EUR/USD:VO 2.83 44.2 2.69 158 0.349 17.0=> 1.381
EUR/USD:LP 3.83 4.46 1.910=> 1.616
EUR/USD:HU 17.1 8.92 4.50=> 2.247
EUR/USD:ES 1.625 4.47 0.462 0.122 0.802=> 1.158
EUR/USD:EA 1.780 1.304 1.305=> 1.387
EUR/USD:LS 3.83 4.09 0.382 0.420 0.803=> 1.177
USD/CHF:BB 26.8 1.041 2.80 4.31 8.92 0.730=> 0.818
USD/CHF:CT 1.861 1.010 0.606 4.75 8.92 0.730=> 1.156
USD/CHF:CY 1.394 0.804 0.608 3.56 8.92 0.796=> 1.235
USD/CHF:HP 0.223 0.401 1.579 6.91 8.91 0.796=> 1.164
USD/CHF:VO 3.11 36.8 2.21 76.3 0.299 0.609=> 1.505
USD/CHF:LP 8.16 1.579 1.185=> 1.943
USD/CHF:HU 9.75 1.784 1.079=> 1.754
USD/CHF:ES 7.50 4.46 0.892 0.216 0.802=> 1.164
USD/CHF:EA 8.81 2.31 1.080=> 2.554
USD/CHF:LS 8.16 3.08 0.121 0.237 0.801=> 1.102
GBP/USD:BB 29.5 2.82 1.735 7.45 8.91 0.730=> 0.774
GBP/USD:CT 0.602 1.002 4.09 4.31 8.91 0.730=> 0.847
GBP/USD:CY 0.303 0.903 0.892 6.99 6.75 0.796=> 0.849
GBP/USD:HP 0.239 0.294 0.608 6.93 8.92 0.730=> 1.094
GBP/USD:VO 2.88 110 1.820 44.1 0.401 0.609=> 0.716
GBP/USD:LP 1.215 4.09 4.09=> 0.941
GBP/USD:HU 7.29 4.62 4.50=> 1.354
GBP/USD:ES 1.218 3.07 0.122 0.819 0.803=> 0.771
GBP/USD:EA 1.336 2.10 14.1=> 0.804
GBP/USD:LS 1.215 3.38 0.891 0.316 0.803=> 0.883
USD/CAD:BB 92.1 2.05 0.608 5.22 8.90 0.796=> 1.690
USD/CAD:CT 1.183 1.099 2.31 6.91 8.91 0.730=> 1.674
USD/CAD:CY 0.869 1.599 0.811 6.99 1.612 0.796=> 1.597
USD/CAD:HP 1.121 0.650 0.669 5.22 8.92 0.796=> 2.268
USD/CAD:VO +1.549 91.5 2.65 76.3 0.401 0.609=> 1.122
USD/CAD:LP 1.617 4.46 17.1=> 1.082
USD/CAD:HU 9.71 8.92 3.38=> 1.591
USD/CAD:ES 1.335 1.304 0.892 1.090 0.802=> 1.084
USD/CAD:EA 1.223 1.304 17.1=> 0.948
USD/CAD:LS 1.617 4.45 0.121 0.122 0.806=> 1.042
USD/JPY:BB 112 3.61 0.602 7.02 1.777 0.730=> 18.948
USD/JPY:CT 0.670 0.693 2.54 6.95 8.91 0.730=> 1.252
USD/JPY:CY 1.157 1.804 2.10 2.94 8.91 0.730=> 1.848
USD/JPY:HP 0.765 0.804 0.736 6.96 2.86 0.730=> 0.667
USD/JPY:VO 2.80 36.5 1.828 91.5 0.401 0.609=> 0.957
USD/JPY:LP 1.213 0.668 4.51=> 1.048
USD/JPY:HU 7.24 8.93 2.80=> 0.696
USD/JPY:ES 9.60 4.47 0.287 0.196 0.608=> 1.349
USD/JPY:EA 9.03 2.54 7.97=> 1.003
USD/JPY:LS 1.213 2.31 0.559 0.196 0.803=> 0.851
AUD/USD:BB 57.4 2.05 1.185 6.91 8.91 0.730=> 1.269
AUD/USD:CT 0.735 0.807 2.10 2.95 8.91 0.796=> 0.948
AUD/USD:CY 0.718 0.294 4.09 2.43 8.92 0.796=> 1.265
AUD/USD:HP 0.630 0.255 4.09 3.56 8.92 0.796=> 1.471
AUD/USD:VO +1.549 109 2.21 44.0 0.401 15.6=> 1.012
AUD/USD:LP 1.341 2.10 1.078=> 1.454
AUD/USD:HU 7.21 1.217 14.1=> 1.715
AUD/USD:ES 1.215 4.46 0.677 0.122 0.802=> 1.090
AUD/USD:EA 1.215 0.608 3.72=> 1.291
AUD/USD:LS 1.341 4.46 0.237 0.237 0.803=> 1.335
NAS100:BB 322 3.38 0.982 2.94 8.92 0.796=> 99.110
NAS100:CT 1.721 0.691 0.606 3.92 8.89 0.730=> 0.944
NAS100:CY 2.48 0.286 0.670 3.92 8.92 0.730=> 1.118
NAS100:HP 0.633 0.292 0.607 6.94 8.91 0.730=> 0.943
NAS100:VO 2.90 36.8 1.817 227 0.402 0.609=> 1.117
NAS100:LP 1.216 4.47 17.1=> 1.063
NAS100:HU 8.85 8.94 1.910=> 1.434
NAS100:ES 2.88 1.734 0.196 0.901 0.608=> 1.730
NAS100:EA 2.89 0.737 1.078=> 2.026
NAS100:LS 1.216 3.38 0.462 0.462 0.802=> 1.188
SPX500:BB 218 4.18 0.979 2.95 8.92 0.796=> 512.930
SPX500:CT 0.604 0.899 0.670 6.96 8.90 0.730=> 1.053
SPX500:CY 1.396 0.286 0.607 6.91 8.92 0.796=> 1.310
SPX500:HP 0.573 0.350 2.10 6.93 8.92 0.730=> 1.465
SPX500:VO 2.88 36.6 2.22 76.2 0.300 17.0=> 0.950
SPX500:LP 1.340 0.607 1.186=> 1.679
SPX500:HU 10.7 8.94 12.9=> 2.184
SPX500:ES 4.21 1.735 0.237 0.196 0.804=> 1.555
SPX500:EA 4.20 1.737 17.0=> 1.838
SPX500:LS 1.340 1.737 0.261 0.196 0.803=> 1.215
US30:BB 198 2.04 0.810 3.92 1.954 0.730=> 1.818
US30:CT 0.740 0.695 4.09 2.68 8.92 0.796=> 1.093
US30:CY 0.656 0.293 0.811 6.91 8.92 0.796=> 1.056
US30:HP 0.632 0.257 4.09 6.92 8.92 0.796=> 1.129
US30:VO +1.537 91.6 1.821 227 0.400 0.609=> 1.004
US30:LP 1.217 0.811 3.08=> 1.303
US30:HU 10.7 8.93 0.670=> 1.506
US30:ES 1.215 2.80 0.316 0.237 0.803=> 1.164
US30:EA 1.216 0.669 12.8=> 1.363
US30:LS 1.217 2.10 0.261 0.147 0.608=> 1.193
GER30:BB 26.8 2.01 0.604 7.00 5.58 0.730=> 1.689
GER30:CT 0.809 0.912 1.304 6.99 8.92 0.796=> 2.371
GER30:CY 0.721 1.812 +0.527 4.33 4.20 0.796=> 4.366
GER30:HP 1.021 0.948 0.810 5.74 8.92 0.722=> 0.838
GER30:VO +1.509 36.7 1.823 132 0.350 0.609=> 1.273
GER30:LP 1.204 1.435 9.65=> 1.443
GER30:HU 12.8 8.18 17.1=> 2.059
GER30:ES 4.20 0.892 0.420 0.287 0.608=> 2.456
GER30:EA 4.20 0.605 7.25=> 3.098
GER30:LS 1.204 2.80 0.316 0.382 0.802=> 1.272
USOil:BB 113 2.02 4.09 6.97 8.91 0.730=> 0.888
USOil:CT 0.605 0.690 0.608 6.31 8.91 0.796=> 1.062
USOil:CY 0.369 0.403 0.609 4.31 8.91 0.730=> 1.108
USOil:HP 0.393 0.350 0.609 5.74 8.92 0.730=> 1.403
USOil:VO 3.91 36.6 2.67 76.2 0.399 0.609=> 2.680
USOil:LP 6.13 4.48 2.79=> 1.322
USOil:HU 7.25 8.92 2.31=> 1.316
USOil:ES 1.785 2.80 0.892 0.509 0.737=> 1.451
USOil:EA 1.963 0.607 15.5=> 1.317
USOil:LS 6.13 3.73 0.892 0.615 0.803=> 1.273
UK100:BB 198 3.25 0.561 6.99 3.14 0.730=> 261.378
UK100:CT 0.597 1.909 2.10 2.44 8.92 0.730=> 10.932
UK100:CY 0.404 1.106 4.09 6.93 8.90 0.796=> 1.559
UK100:HP +0.202 0.708 0.608 3.92 8.92 0.730=> 2.943
UK100:VO 2.13 109 2.01 53.0 0.399 17.0=> 1.046
UK100:LP 1.202 4.46 17.1=> 0.867
UK100:HU 9.71 8.96 0.609=> 1.582
UK100:ES 1.215 1.187 0.892 0.819 0.802=> 1.059
UK100:EA 2.85 0.608 4.95=> 1.067
UK100:LS 1.202 2.80 0.316 0.287 0.802=> 0.881
XAU/USD:BB 112 0.485 1.078 3.92 8.91 0.796=> 1.234
XAU/USD:CT 1.436 0.690 1.737 2.95 8.91 0.730=> 0.892
XAU/USD:CY 1.053 0.292 0.609 6.91 8.91 0.796=> 1.252
XAU/USD:HP 1.122 0.290 3.72 5.74 8.92 0.730=> 1.096
XAU/USD:VO 2.90 110 2.21 63.6 0.350 0.609=> 1.457
XAU/USD:LP 8.20 2.80 1.580=> 2.818
XAU/USD:HU 17.2 1.472 11.7=> 1.443
XAU/USD:ES 8.11 4.47 0.462 0.347 0.736=> 2.254
XAU/USD:EA 8.07 2.56 1.435=> 2.891
XAU/USD:LS 8.20 4.48 0.382 0.237 0.608=> 2.202
XAG/USD:BB 24.3 0.590 0.607 3.92 8.90 0.796=> 0.863
XAG/USD:CT 0.603 0.690 0.669 6.90 8.91 0.730=> 1.132
XAG/USD:CY 0.403 0.704 4.09 3.24 8.92 0.796=> 2.230
XAG/USD:HP 0.326 0.401 1.435 6.93 8.91 0.796=> 1.193
XAG/USD:VO 2.91 110 2.66 63.5 0.250 0.609=> 1.366
XAG/USD:LP 5.07 2.31 0.980=> 2.236
XAG/USD:HU 7.28 5.08 14.1=> 1.221
XAG/USD:ES 2.87 4.47 0.744 0.316 0.608=> 1.218
XAG/USD:EA 2.88 2.54 0.810=> 1.654
XAG/USD:LS 5.07 4.47 0.121 0.744 0.804=> 1.715
