EUR/USD:BB 57.3 3.18 0.606 6.91 2.37 0.730=> 15.601
EUR/USD:CT 0.813 1.307 2.54 6.96 8.92 0.796=> 1.332
EUR/USD:CY 0.403 1.003 0.810 6.92 8.90 0.796=> 2.107
EUR/USD:HP 0.242 0.500 0.607 6.94 3.81 0.796=> 1.178
EUR/USD:VO 2.93 36.8 2.68 63.6 0.400 0.609=> 1.509
EUR/USD:LP 3.83 1.577 0.891=> 1.421
EUR/USD:HU 17.2 8.92 1.304=> 3.232
EUR/USD:ES 1.620 2.54 0.216 0.677 0.803=> 1.212
EUR/USD:EA 1.622 1.304 0.737=> 1.716
EUR/USD:LS 3.83 2.80 0.261 0.462 0.803=> 1.118
USD/CHF:BB 24.4 0.950 4.09 2.43 8.92 0.730=> 0.975
USD/CHF:CT 1.858 1.095 0.608 3.23 8.92 0.730=> 1.380
USD/CHF:CY 1.534 0.801 0.737 4.75 8.92 0.796=> 1.104
USD/CHF:HP 0.223 0.500 0.608 6.91 8.89 0.796=> 1.330
USD/CHF:VO +4.52 35.9 +2.93 226 0.250 0.609=> 5.293
USD/CHF:LP 8.19 1.435 0.606=> 2.297
USD/CHF:HU 9.76 8.19 2.54=> 1.612
USD/CHF:ES 9.04 4.10 0.121 0.237 0.803=> 1.806
USD/CHF:EA +9.82 1.575 0.983=> 2.304
USD/CHF:LS 8.19 1.736 0.162 1.451 0.803=> 1.141
GBP/USD:BB +580 3.53 0.604 4.32 8.92 0.797=> 18.635
GBP/USD:CT +0.528 0.695 0.607 3.92 8.92 0.730=> 1.363
GBP/USD:CY 0.304 0.803 0.608 6.96 8.90 0.730=> 1.051
GBP/USD:HP 0.356 0.449 4.09 2.95 8.92 0.730=> 1.092
GBP/USD:VO 2.10 110 1.825 44.0 0.300 17.0=> 0.775
GBP/USD:LP 1.217 3.38 3.38=> 0.976
GBP/USD:HU 11.8 3.47 3.38=> 1.449
GBP/USD:ES 1.217 3.38 0.615 0.122 0.802=> 0.889
GBP/USD:EA 1.340 0.737 11.7=> 1.112
GBP/USD:LS 1.217 2.80 0.744 0.347 0.802=> 1.042
USD/CAD:BB 427 2.03 0.607 7.01 8.90 0.730=> 2.051
USD/CAD:CT 1.298 1.097 1.909 2.95 8.92 0.796=> 1.257
USD/CAD:CY 3.60 0.293 0.737 6.93 8.90 0.730=> 1.254
USD/CAD:HP 2.18 0.941 1.910 2.42 4.60 0.730=> 0.909
USD/CAD:VO +1.535 91.6 2.65 226 0.400 0.609=> 1.018
USD/CAD:LP 1.340 4.46 17.1=> 1.160
USD/CAD:HU 17.2 8.95 6.59=> 1.820
USD/CAD:ES 1.222 3.38 0.820 1.744 0.802=> 1.016
USD/CAD:EA 1.223 1.079 17.1=> 0.926
USD/CAD:LS 1.340 4.10 0.122 0.559 0.804=> 1.153
USD/JPY:BB 112 3.61 0.602 7.02 1.777 0.730=> 18.948
USD/JPY:CT 0.607 0.689 0.608 3.24 8.92 0.797=> 0.909
USD/JPY:CY 1.052 0.799 2.10 2.68 8.91 0.796=> 1.362
USD/JPY:HP 1.019 0.497 0.980 6.94 8.90 0.796=> 0.654
USD/JPY:VO 2.15 36.7 1.823 132 0.402 0.609=> 0.938
USD/JPY:LP 1.215 0.668 4.95=> 1.112
USD/JPY:HU 6.68 8.93 1.078=> 0.928
USD/JPY:ES 1.211 4.46 0.316 0.196 0.737=> 1.011
USD/JPY:EA 1.340 0.891 4.96=> 0.977
USD/JPY:LS 1.215 2.10 0.147 0.316 0.737=> 1.068
AUD/USD:BB 123 0.536 0.669 6.91 8.91 0.730=> 1.260
AUD/USD:CT 0.809 0.688 4.09 2.43 8.92 0.730=> 1.230
AUD/USD:CY 2.72 0.601 0.810 6.94 8.92 0.796=> 1.111
AUD/USD:HP 3.18 0.451 0.607 5.21 8.90 0.796=> 1.088
AUD/USD:VO +1.554 109 1.827 44.0 0.401 0.609=> 0.931
AUD/USD:LP 1.340 2.10 1.305=> 1.472
AUD/USD:HU 7.20 8.96 17.0=> 1.059
AUD/USD:ES 1.210 4.46 0.615 0.134 0.609=> 1.055
AUD/USD:EA 1.212 0.607 2.54=> 1.424
AUD/USD:LS 1.340 4.46 0.261 0.122 0.802=> 1.398
NAS100:BB 348 3.01 0.735 6.98 1.203 0.730=> 96.058
NAS100:CT 1.438 0.692 1.186 3.24 8.91 0.797=> 0.543
NAS100:CY 3.63 1.797 0.606 7.01 8.16 0.730=> 1.726
NAS100:HP 0.574 0.296 0.607 4.74 8.91 0.796=> 0.885
NAS100:VO 2.93 36.8 1.817 228 0.403 11.7=> 1.206
NAS100:LP 5.61 0.737 1.306=> 1.874
NAS100:HU 8.86 8.94 1.737=> 1.421
NAS100:ES 2.87 2.80 0.347 0.196 0.803=> 2.038
NAS100:EA 2.86 0.736 1.304=> 1.977
NAS100:LS 5.61 1.435 0.147 1.742 0.609=> 1.681
SPX500:BB 241 4.19 0.979 2.95 8.92 0.796=> 502.546
SPX500:CT 0.601 0.902 2.80 6.90 8.92 0.730=> 1.133
SPX500:CY 0.303 1.200 0.607 7.43 1.211 0.730=> 2.710
SPX500:HP 0.632 0.295 2.31 6.91 8.92 0.730=> 1.253
SPX500:VO 2.99 36.6 2.43 228 0.400 0.609=> 1.116
SPX500:LP 3.48 0.733 11.7=> 1.444
SPX500:HU 10.7 8.96 0.609=> 2.580
SPX500:ES 4.23 1.738 0.121 0.991 0.670=> 1.669
SPX500:EA 4.20 1.303 1.186=> 1.872
SPX500:LS 3.48 1.736 0.162 0.287 0.803=> 1.366
US30:BB 197 2.03 0.811 6.96 1.614 0.730=> 1.909
US30:CT 0.739 0.695 4.09 2.94 8.91 0.796=> 0.961
US30:CY 0.715 0.301 4.09 6.93 8.91 0.730=> 0.878
US30:HP 0.243 0.947 0.609 7.43 1.209 0.730=> 2.886
US30:VO 2.98 36.6 2.01 76.3 0.300 0.609=> 1.157
US30:LP 3.81 0.736 5.45=> 1.763
US30:HU 10.7 8.93 0.609=> 1.639
US30:ES 4.20 3.08 0.382 1.452 0.670=> 1.347
US30:EA 5.07 1.076 1.078=> 1.863
US30:LS 3.81 1.434 0.162 0.122 0.803=> 1.451
GER30:BB 26.8 2.04 0.604 7.00 1.209 0.730=> 2.470
GER30:CT 0.808 0.986 1.737 6.94 1.212 0.796=> 2.487
GER30:CY 0.786 1.004 0.607 2.68 8.92 0.797=> 2.391
GER30:HP +0.201 0.744 1.078 2.95 8.92 0.730=> 2.448
GER30:VO +1.468 36.6 1.817 76.4 0.400 0.609=> 1.217
GER30:LP 1.202 1.307 5.44=> 1.474
GER30:HU 12.9 8.91 0.609=> 1.505
GER30:ES 4.21 2.80 0.162 0.261 0.803=> 2.064
GER30:EA 4.19 0.606 6.60=> 2.793
GER30:LS 1.202 2.80 0.122 0.162 0.802=> 1.265
USOil:BB 217 3.94 0.605 6.93 2.86 0.730=> 386.637
USOil:CT 0.892 0.809 2.80 2.95 8.92 0.797=> 1.010
USOil:CY 0.445 0.400 0.669 4.74 8.91 0.730=> 1.279
USOil:HP 0.522 0.299 0.670 5.74 8.90 0.796=> 1.145
USOil:VO +4.46 36.6 2.85 110 0.400 0.609=> 4.122
USOil:LP 1.214 4.46 17.0=> 1.105
USOil:HU 7.22 8.97 17.0=> 1.553
USOil:ES 4.21 4.46 0.178 0.420 0.607=> 1.482
USOil:EA 4.20 2.54 9.66=> 1.538
USOil:LS 1.214 4.47 0.893 1.744 0.609=> 1.167
UK100:BB 197 3.29 0.561 6.99 3.14 0.730=> 261.378
UK100:CT 0.602 1.787 0.609 7.02 1.191 0.730=> 2.715
UK100:CY 0.368 0.294 4.09 2.43 8.92 0.730=> 1.123
UK100:HP +0.202 0.758 0.607 6.31 8.92 0.796=> 7.563
UK100:VO 2.10 36.7 1.825 76.3 0.350 15.6=> 0.796
UK100:LP 1.203 4.46 17.1=> 0.870
UK100:HU 17.4 1.208 4.09=> 1.327
UK100:ES 2.59 4.47 0.237 0.134 0.804=> 1.165
UK100:EA 2.61 0.607 4.96=> 1.389
UK100:LS 1.203 2.80 0.287 0.122 0.670=> 0.894
XAU/USD:BB 112 0.484 1.186 4.74 8.90 0.796=> 1.027
XAU/USD:CT 0.814 +0.543 0.892 4.75 8.92 0.796=> 0.761
XAU/USD:CY 1.156 0.282 4.09 6.91 8.92 0.730=> 1.126
XAU/USD:HP 1.123 0.292 4.09 3.56 8.92 0.730=> 0.996
XAU/USD:VO 2.92 111 2.01 76.2 0.350 0.609=> 1.480
XAU/USD:LP 1.786 2.31 1.186=> 2.065
XAU/USD:HU 17.3 1.615 2.54=> 1.459
XAU/USD:ES 1.959 4.46 0.122 0.509 0.736=> 1.382
XAU/USD:EA 7.48 2.55 1.581=> 2.004
XAU/USD:LS 1.786 3.08 0.382 0.178 0.802=> 1.359
XAG/USD:BB 419 3.92 0.810 2.43 8.92 0.730=> 129.579
XAG/USD:CT 0.602 0.682 0.670 6.31 8.92 0.730=> 1.092
XAG/USD:CY 0.371 0.796 2.10 6.94 8.91 0.730=> 2.483
XAG/USD:HP 0.326 0.448 2.31 6.93 8.92 0.796=> 1.116
XAG/USD:VO 2.87 110 2.43 63.6 0.300 0.609=> 1.464
XAG/USD:LP 5.10 1.909 0.893=> 2.351
XAG/USD:HU 7.26 5.09 15.6=> 1.266
XAG/USD:ES 4.19 4.48 0.122 0.616 0.608=> 1.428
XAG/USD:EA 3.46 2.54 1.078=> 1.855
XAG/USD:LS 5.10 4.46 0.134 0.560 0.804=> 1.745
