EUR/USD:BB 29.3 0.783 0.980 2.94 8.92 0.730=> 1.028
EUR/USD:CT 0.895 1.204 0.608 6.92 8.90 0.796=> 1.849
EUR/USD:CY 0.303 0.902 1.186 6.97 8.90 0.797=> 1.408
EUR/USD:HP 0.243 0.503 0.607 6.92 8.92 0.796=> 1.301
EUR/USD:VO 3.88 63.2 +2.95 52.9 0.297 0.609=> 9.765
EUR/USD:LP +9.84 1.181 0.609=> 4.945
EUR/USD:HU 17.2 5.59 0.892=> 2.276
EUR/USD:ES 3.47 4.48 0.615 0.196 0.670=> 1.625
EUR/USD:EA 1.779 0.736 1.305=> 1.621
EUR/USD:LS +9.84 4.48 0.420 0.122 0.608=> 3.337
USD/CHF:BB 24.4 1.044 4.09 2.95 8.92 0.796=> 1.252
USD/CHF:CT 1.731 1.000 0.891 5.21 8.91 0.796=> 1.471
USD/CHF:CY 1.394 0.899 0.609 3.24 8.92 0.797=> 0.891
USD/CHF:HP 0.242 0.650 0.604 6.90 3.14 0.730=> 1.841
USD/CHF:VO +4.51 110 2.42 43.9 0.195 17.0=> 2.774
USD/CHF:LP 8.93 1.433 1.305=> 1.432
USD/CHF:HU 10.7 7.44 1.187=> 1.377
USD/CHF:ES 8.98 4.46 0.122 0.178 0.804=> 1.336
USD/CHF:EA 8.99 2.54 1.303=> 1.554
USD/CHF:LS 8.93 2.10 0.420 0.462 0.669=> 1.267
GBP/USD:BB 92.4 2.03 1.436 6.95 4.19 0.730=> 1.479
GBP/USD:CT 0.600 0.705 4.09 3.56 8.93 0.730=> 0.987
GBP/USD:CY 0.303 0.798 0.607 6.96 8.89 0.730=> 0.775
GBP/USD:HP 0.391 0.449 4.09 2.95 8.91 0.730=> 0.821
GBP/USD:VO 2.18 110 2.43 228 0.402 0.609=> 1.391
GBP/USD:LP 1.215 2.80 17.1=> 1.128
GBP/USD:HU 12.9 2.87 17.1=> 1.040
GBP/USD:ES 1.614 3.39 0.615 0.178 0.608=> 1.198
GBP/USD:EA 1.343 0.810 11.7=> 1.199
GBP/USD:LS 1.215 2.31 0.677 0.216 0.737=> 1.208
USD/CAD:BB 464 1.867 1.187 6.96 8.92 0.796=> 1.298
USD/CAD:CT 0.608 1.198 1.911 2.44 8.91 0.796=> 1.274
USD/CAD:CY 1.055 1.808 1.186 3.24 1.778 0.796=> 2.478
USD/CAD:HP 1.225 0.602 4.09 2.44 8.91 0.797=> 1.349
USD/CAD:VO 2.08 91.4 2.21 226 0.402 0.609=> 1.022
USD/CAD:LP 1.217 4.46 17.1=> 1.029
USD/CAD:HU 17.3 8.97 0.609=> 2.371
USD/CAD:ES 1.218 2.80 0.134 0.134 0.737=> 1.098
USD/CAD:EA 1.219 1.305 3.72=> 1.001
USD/CAD:LS 1.217 3.08 0.196 0.287 0.609=> 1.195
USD/JPY:BB 112 3.58 0.605 6.95 1.468 0.730=> 26.071
USD/JPY:CT 1.312 1.490 0.736 6.94 4.19 0.730=> 1.344
USD/JPY:CY 1.155 1.819 1.911 2.94 8.91 0.796=> 2.416
USD/JPY:HP 1.119 0.853 0.608 2.94 1.954 0.799=> 1.845
USD/JPY:VO 2.81 36.8 2.42 91.7 0.350 17.0=> 1.377
USD/JPY:LP 1.217 0.736 1.305=> 1.459
USD/JPY:HU 6.70 2.16 17.1=> 1.123
USD/JPY:ES 1.207 4.46 0.347 0.162 0.802=> 1.100
USD/JPY:EA 1.212 0.735 9.66=> 1.112
USD/JPY:LS 1.217 3.08 0.122 1.450 0.802=> 1.435
AUD/USD:BB 57.4 1.847 0.981 4.31 8.91 0.796=> 1.119
AUD/USD:CT 0.886 0.697 4.09 2.44 8.92 0.730=> 1.375
AUD/USD:CY 0.789 1.606 4.09 2.43 8.92 0.796=> 0.620
AUD/USD:HP 0.918 0.934 1.910 2.42 8.92 0.730=> 1.657
AUD/USD:VO +1.543 109 1.817 44.1 0.401 0.609=> 0.807
AUD/USD:LP 1.962 0.605 3.72=> 1.499
AUD/USD:HU 7.24 1.211 4.95=> 1.299
AUD/USD:ES 1.211 4.46 0.559 1.745 0.802=> 1.081
AUD/USD:EA 1.213 0.605 11.7=> 1.279
AUD/USD:LS 1.962 1.187 0.892 1.745 0.802=> 1.412
NAS100:BB 348 2.91 4.09 2.43 8.89 0.730=> 4.218
NAS100:CT 1.745 1.500 4.09 6.98 8.92 0.796=> 1.289
NAS100:CY 3.59 1.798 0.606 7.43 1.206 0.730=> 2.325
NAS100:HP 3.51 0.451 0.607 6.95 8.91 0.730=> 0.797
NAS100:VO 2.95 36.7 1.825 227 0.400 11.7=> 1.056
NAS100:LP 6.74 1.579 5.45=> 2.648
NAS100:HU 7.27 8.98 4.95=> 1.111
NAS100:ES 3.15 3.38 0.316 1.745 0.609=> 1.794
NAS100:EA 2.86 0.669 3.38=> 1.967
NAS100:LS 6.74 4.47 0.316 0.134 0.669=> 2.062
SPX500:BB 242 3.35 0.609 +2.12 1.211 0.730=> 6.057
SPX500:CT 0.606 0.690 0.979 3.25 8.91 0.796=> 1.049
SPX500:CY 3.60 1.199 0.608 6.92 8.89 0.730=> 1.731
SPX500:HP 0.758 0.295 4.09 2.43 8.91 0.796=> 0.971
SPX500:VO 2.78 36.7 1.822 228 0.351 11.7=> 1.051
SPX500:LP 8.93 1.185 1.436=> 1.994
SPX500:HU 12.9 1.209 4.10=> 1.842
SPX500:ES 4.22 1.909 0.347 0.196 0.802=> 1.981
SPX500:EA 2.37 0.737 0.609=> 2.753
SPX500:LS 8.93 4.49 0.287 0.122 0.670=> 1.993
US30:BB 240 3.30 0.810 2.69 2.61 0.730=> 6.384
US30:CT 0.735 1.100 4.09 6.93 8.92 0.796=> 1.136
US30:CY 3.29 0.399 0.609 6.30 8.89 0.730=> 1.026
US30:HP 3.51 0.499 0.608 6.31 4.18 0.796=> 0.864
US30:VO 2.93 36.5 2.01 226 0.298 0.609=> 1.153
US30:LP 3.16 0.810 4.95=> 2.069
US30:HU 11.7 8.92 0.609=> 1.732
US30:ES 2.36 1.306 0.162 0.382 0.804=> 1.355
US30:EA 3.17 0.668 0.892=> 2.322
US30:LS 3.16 1.306 0.122 0.122 0.608=> 1.632
GER30:BB 84.7 3.30 1.078 6.98 1.473 0.730=> 366.703
GER30:CT 1.430 1.002 0.607 6.96 1.212 0.796=> 2.264
GER30:CY 0.790 0.996 0.606 2.94 8.92 0.796=> 1.391
GER30:HP +0.207 0.699 0.608 6.91 8.92 0.730=> 1.270
GER30:VO +1.463 63.7 1.827 91.4 0.400 0.609=> 1.062
GER30:LP 1.194 1.187 4.51=> 1.623
GER30:HU 17.2 1.209 14.1=> 2.327
GER30:ES 4.24 1.077 0.892 0.237 0.609=> 1.724
GER30:EA 1.342 0.892 6.59=> 1.383
GER30:LS 1.194 1.078 0.892 1.199 0.802=> 1.342
USOil:BB 290 1.681 0.607 6.98 1.211 0.796=> 2.574
USOil:CT 0.973 0.907 0.607 5.22 8.92 0.730=> 1.280
USOil:CY 0.720 0.287 0.891 3.24 8.92 0.796=> 1.113
USOil:HP 0.522 0.298 4.09 3.57 8.92 0.730=> 0.916
USOil:VO 3.09 36.4 2.66 76.4 0.300 0.609=> 1.901
USOil:LP 1.212 4.46 17.0=> 1.111
USOil:HU 7.18 9.01 4.96=> 2.052
USOil:ES 4.21 3.38 0.893 1.743 0.737=> 1.234
USOil:EA 3.83 0.669 9.65=> 1.416
USOil:LS 1.212 2.54 0.892 0.261 0.670=> 1.467
UK100:BB 102 2.73 1.435 7.44 2.15 0.730=> 11.518
UK100:CT +1.957 0.899 2.10 6.95 8.92 0.730=> 1.416
UK100:CY 0.303 0.300 0.608 6.31 8.91 0.796=> 1.230
UK100:HP 0.218 0.657 0.566 6.30 6.13 0.797=> 22.360
UK100:VO +1.453 36.6 1.819 228 0.402 0.609=> 0.832
UK100:LP 5.13 0.601 0.892=> 3.203
UK100:HU 7.31 4.62 0.980=> 0.927
UK100:ES 2.39 1.186 0.122 1.451 0.802=> 0.917
UK100:EA 2.58 0.737 0.980=> 1.388
UK100:LS 5.13 0.738 0.147 0.216 0.806=> 1.470
XAU/USD:BB 63.2 2.04 0.737 5.21 8.91 0.730=> 0.994
XAU/USD:CT 1.739 1.889 0.607 7.42 1.336 0.730=> 3.016
XAU/USD:CY 2.73 1.296 3.38 2.42 8.92 0.797=> 1.268
XAU/USD:HP 2.94 0.451 4.09 2.43 8.92 0.797=> 1.046
XAU/USD:VO +1.518 36.7 1.826 226 0.300 0.609=> 0.901
XAU/USD:LP 8.98 2.54 1.310=> 3.354
XAU/USD:HU 17.2 8.95 0.609=> 1.684
XAU/USD:ES 8.76 3.07 0.121 0.134 0.737=> 4.856
XAU/USD:EA 8.23 1.728 0.981=> 3.976
XAU/USD:LS 8.98 4.49 0.122 0.316 0.606=> 2.294
XAG/USD:BB 388 0.784 0.605 7.01 8.89 0.730=> 2.844
XAG/USD:CT 0.612 1.004 0.608 4.31 8.15 0.796=> 1.274
XAG/USD:CY 2.47 1.810 2.31 2.94 8.92 0.728=> 1.992
XAG/USD:HP 3.47 0.702 4.09 6.96 7.42 0.730=> 2.117
XAG/USD:VO +1.573 110 2.66 226 0.300 0.609=> 1.894
XAG/USD:LP 5.60 1.303 0.893=> 5.369
XAG/USD:HU 18.5 8.89 0.609=> 2.428
XAG/USD:ES 3.81 1.438 0.677 1.090 0.803=> 1.958
XAG/USD:EA 2.60 1.307 0.981=> 4.506
XAG/USD:LS 5.60 4.51 0.238 0.382 0.736=> 2.132
